NumberOfFeatureVectors: 11
NumberOfFeatures: 8
0: 76	292	175	0	-3	-1	0	146	
1: 77	301	156	0	-5	11	0	234	
2: 78	304	148	0	-5	11	0	234	
3: 79	310	131	0	-6	17	0	325	
4: 80	312	126	0	-6	17	0	325	
5: 81	315	118	0	-6	17	0	325	
6: 82	316	114	0	-5	11	0	146	
7: 83	315	110	0	-3	8	0	73	
8: 84	315	106	0	-3	8	0	73	
9: 86	314	104	0	-2	5	0	29	
10: 86	313	101	0	-1	4	0	17	
Minimal Distance:0.740621
Minimal Index:1
Result:RightHandDownToUpSwipe

NumberOfFeatureVectors: 12
NumberOfFeatures: 8
0: 124	180	28	0	14	4	0	212	
1: 125	166	22	0	14	6	0	232	
2: 126	156	22	0	14	6	0	232	
3: 127	151	22	0	14	6	0	232	
4: 128	153	28	0	14	6	0	232	
5: 129	158	34	0	14	6	0	232	
6: 130	161	38	0	10	0	0	100	
7: 131	163	41	0	5	0	0	61	
8: 132	165	42	0	-2	-1	0	40	
9: 133	165	43	0	-2	-1	0	25	
10: 134	166	44	0	-2	-1	0	25	
11: 135	166	45	0	-2	-1	0	13	
Minimal Distance:0.82017
Minimal Index:2
Result:RightHandRightToLeftSwipe

NumberOfFeatureVectors: 9
NumberOfFeatures: 8
0: 163	298	51	0	-24	0	0	576	
1: 164	299	55	0	-24	0	0	576	
2: 165	308	61	0	-24	-2	0	576	
3: 166	309	64	0	-24	-2	0	576	
4: 167	311	66	0	-24	-2	0	576	
5: 168	310	68	0	-9	-2	0	117	
6: 169	308	69	0	-2	-2	0	17	
7: 170	306	69	0	-1	-2	0	10	
8: 171	305	69	0	-1	-2	0	8	
Minimal Distance:0.870554
Minimal Index:3
Result:RightHandLeftToRightSwipe

NumberOfFeatureVectors: 11
NumberOfFeatures: 8
0: 198	145	46	0	22	2	0	485	
1: 199	133	42	0	22	2	0	485	
2: 200	133	42	0	22	2	0	485	
3: 201	139	46	0	22	2	0	485	
4: 202	134	46	0	22	2	0	485	
5: 203	142	50	0	12	2	0	160	
6: 204	147	52	0	5	0	0	80	
7: 205	150	53	0	0	0	0	52	
8: 206	152	54	0	-2	-1	0	29	
9: 207	154	54	0	-2	-1	0	25	
10: 208	155	54	0	-2	-1	0	10	
Minimal Distance:0.879202
Minimal Index:2
Result:RightHandRightToLeftSwipe

NumberOfFeatureVectors: 11
NumberOfFeatures: 8
0: 221	233	161	0	-4	-12	0	160	
1: 222	238	177	0	-5	-15	0	261	
2: 223	239	195	0	-5	-16	0	281	
3: 224	238	204	0	-5	-16	0	281	
4: 225	239	209	0	-5	-16	0	281	
5: 227	238	215	0	-4	-15	0	261	
6: 227	237	219	0	-1	-12	0	160	
7: 229	236	215	0	-1	-9	0	82	
8: 229	235	216	0	1	-6	0	37	
9: 230	233	217	0	1	-5	0	26	
10: 231	230	218	0	1	-4	0	17	
Minimal Distance:0.572757
Minimal Index:0
Result:RightHandUpToDownSwipe

NumberOfFeatureVectors: 33
NumberOfFeatures: 8
0: 300	182	236	0	8	1	0	233	
1: 301	181	232	0	8	3	0	233	
2: 302	173	215	0	8	4	0	337	
3: 303	168	270	0	8	4	0	353	
4: 304	142	277	0	8	4	0	353	
5: 305	146	279	0	5	3	0	353	
6: 307	131	273	0	5	4	0	353	
7: 307	126	272	0	5	4	0	353	
8: 308	122	254	0	5	4	0	340	
9: 309	110	259	0	5	1	0	261	
10: 310	141	299	0	5	-2	0	340	
11: 311	139	295	0	5	-2	0	261	
12: 312	141	291	0	4	1	0	169	
13: 314	136	281	0	4	4	0	125	
14: 314	132	274	0	4	4	0	125	
15: 315	128	226	0	4	4	0	125	
16: 316	124	196	0	4	7	0	169	
17: 317	121	183	0	4	7	0	169	
18: 318	108	219	0	4	7	0	178	
19: 319	100	236	0	4	7	0	178	
20: 320	56	239	0	4	7	0	353	
21: 321	31	241	0	5	7	0	629	
22: 322	19	240	0	8	1	0	629	
23: 323	58	243	0	8	-2	0	916	
24: 324	36	253	0	12	-3	0	629	
25: 325	44	271	0	12	-3	0	584	
26: 326	49	280	0	12	-9	0	584	
27: 327	53	284	0	8	-4	0	388	
28: 328	55	287	0	-2	-3	0	388	
29: 329	57	288	0	-2	-3	0	145	
30: 330	58	289	0	-2	-3	0	106	
31: 331	60	289	0	-2	-3	0	32	
32: 332	61	289	0	-2	-3	0	13	
Minimal Distance:2.57671
Minimal Index:1
Result:RightHandDownToUpSwipe

NumberOfFeatureVectors: 44
NumberOfFeatures: 8
0: 104	279	55	0	13	2	0	170	
1: 105	255	55	0	13	1	0	233	
2: 106	230	52	0	17	2	0	290	
3: 108	208	54	0	18	2	0	405	
4: 108	190	71	0	18	1	0	488	
5: 109	172	67	0	18	3	0	488	
6: 110	184	74	0	18	3	0	488	
7: 111	185	75	0	18	0	0	488	
8: 112	186	77	0	18	-1	0	488	
9: 113	161	279	0	18	-2	0	488	
10: 113	187	76	0	18	-2	0	488	
11: 114	159	285	0	18	-2	0	488	
12: 114	188	75	0	-1	-2	0	613	
13: 115	157	286	0	-1	-2	0	41429	
14: 115	188	73	0	-1	-2	0	41885	
15: 116	156	287	0	-1	-2	0	44465	
16: 116	182	69	0	-1	-2	0	44941	
17: 117	155	289	0	25	-202	0	45482	
18: 117	185	70	0	-26	203	0	46330	
19: 118	153	296	0	27	-209	0	46820	
20: 118	188	70	0	-26	210	0	48200	
21: 119	152	300	0	27	-211	0	48861	
22: 119	189	71	0	-26	213	0	49129	
23: 120	150	287	0	27	-214	0	49129	
24: 120	191	72	0	-26	215	0	49129	
25: 121	150	286	0	27	-214	0	49129	
26: 121	193	72	0	-30	214	0	48861	
27: 122	149	285	0	32	-213	0	48177	
28: 122	194	73	0	-35	212	0	47906	
29: 123	161	267	0	33	-194	0	47645	
30: 123	195	73	0	-34	194	0	47477	
31: 124	163	262	0	32	-189	0	47305	
32: 124	195	73	0	-32	189	0	46969	
33: 125	164	259	0	31	-186	0	38792	
34: 125	196	73	0	-32	186	0	38725	
35: 126	165	258	0	31	-185	0	36745	
36: 126	196	74	0	-31	184	0	36745	
37: 127	165	257	0	31	-183	0	35620	
38: 127	196	74	0	-31	183	0	35557	
39: 129	197	74	0	-1	0	0	35186	
40: 129	197	74	0	-1	0	0	34817	
41: 130	197	74	0	0	0	0	34450	
42: 131	197	74	0	0	0	0	34450	
43: 132	197	73	0	0	0	0	1	
Minimal Distance:3.80432
Minimal Index:1
Result:RightHandDownToUpSwipe

NumberOfFeatureVectors: 9
NumberOfFeatures: 8
0: 163	318	58	0	-17	-1	0	325	
1: 164	336	59	0	-18	-1	0	325	
2: 165	350	61	0	-18	-1	0	325	
3: 166	353	63	0	-18	-1	0	325	
4: 168	355	63	0	-18	0	0	325	
5: 168	356	65	0	-17	0	0	325	
6: 169	356	66	0	-14	-1	0	200	
7: 170	353	66	0	-3	-1	0	13	
8: 171	351	67	0	-2	-1	0	9	
Minimal Distance:0.816691
Minimal Index:3
Result:RightHandLeftToRightSwipe

NumberOfFeatureVectors: 34
NumberOfFeatures: 8
0: 210	237	64	0	15	1	0	229	
1: 211	256	88	0	15	-1	0	377	
2: 212	242	88	0	15	0	0	377	
3: 213	245	93	0	15	0	0	377	
4: 214	248	93	0	15	0	0	377	
5: 215	225	60	0	19	0	0	409	
6: 216	225	41	0	14	0	0	377	
7: 217	225	19	0	0	0	0	484	
8: 218	233	12	0	0	5	0	361	
9: 219	240	10	0	-3	2	0	196	
10: 220	248	11	0	-3	2	0	113	
11: 221	254	13	0	-3	2	0	65	
12: 222	259	14	0	-5	2	0	65	
13: 223	261	14	0	-5	2	0	65	
14: 224	263	17	0	-5	0	0	53	
15: 225	263	23	0	-5	-1	0	40	
16: 226	262	30	0	-5	-1	0	40	
17: 227	281	85	0	-5	-2	0	40	
18: 228	296	127	0	-5	-3	0	40	
19: 229	305	167	0	-5	-6	0	40	
20: 230	312	213	0	-5	-7	0	50	
21: 231	317	213	0	-5	-7	0	50	
22: 232	321	203	0	-5	-7	0	116	
23: 233	326	216	0	-5	-13	0	194	
24: 234	329	212	0	-5	-13	0	194	
25: 235	341	186	0	-7	-13	0	820	
26: 236	348	176	0	-7	0	0	194	
27: 237	357	167	0	-7	4	0	162	
28: 238	361	164	0	-5	4	0	149	
29: 239	364	161	0	-5	4	0	116	
30: 240	368	159	0	-4	4	0	116	
31: 241	370	158	0	-4	3	0	25	
32: 242	371	157	0	-4	3	0	25	
33: 243	372	157	0	-4	3	0	20	
Minimal Distance:2.78676
Minimal Index:3
Result:RightHandLeftToRightSwipe

NumberOfFeatureVectors: 9
NumberOfFeatures: 8
0: 414	228	82	0	12	0	0	148	
1: 415	224	83	0	12	0	0	148	
2: 416	224	83	0	12	0	0	148	
3: 417	224	82	0	12	0	0	148	
4: 418	225	82	0	12	0	0	148	
5: 419	228	82	0	4	0	0	17	
6: 420	230	82	0	0	0	0	9	
7: 421	232	82	0	0	0	0	4	
8: 422	233	82	0	-1	0	0	4	
Minimal Distance:1.00489
Minimal Index:2
Result:RightHandRightToLeftSwipe

NumberOfFeatureVectors: 10
NumberOfFeatures: 8
0: 454	346	19	0	-10	10	0	221	
1: 455	338	29	0	-10	10	0	221	
2: 456	340	41	0	-10	10	0	221	
3: 457	341	46	0	-10	10	0	221	
4: 458	339	51	0	-9	5	0	164	
5: 459	338	53	0	-2	-2	0	148	
6: 460	338	55	0	-1	-2	0	106	
7: 462	337	56	0	0	-2	0	29	
8: 462	337	56	0	0	-2	0	26	
9: 463	338	55	0	0	-2	0	5	
Minimal Distance:0.972251
Minimal Index:3
Result:RightHandLeftToRightSwipe

NumberOfFeatureVectors: 12
NumberOfFeatures: 8
0: 547	269	273	0	-2	10	0	125	
1: 548	270	269	0	-2	4	0	104	
2: 549	275	270	0	-2	4	0	104	
3: 550	279	271	0	-3	4	0	104	
4: 551	281	256	0	-2	10	0	104	
5: 553	283	239	0	-2	11	0	125	
6: 553	294	252	0	-2	10	0	125	
7: 554	297	253	0	-3	4	0	104	
8: 555	301	256	0	-3	-1	0	26	
9: 556	301	258	0	-3	-1	0	25	
10: 557	301	260	0	-3	-1	0	25	
11: 558	300	260	0	-2	-1	0	17	
Minimal Distance:0.802415
Minimal Index:3
Result:RightHandLeftToRightSwipe

NumberOfFeatureVectors: 51
NumberOfFeatures: 8
0: 548	371	146	0	-6	6	0	178	
1: 549	376	124	0	-5	6	0	178	
2: 550	388	106	0	-5	6	0	232	
3: 551	400	93	0	-6	13	0	250	
4: 553	405	87	0	-5	13	0	250	
5: 553	406	90	0	-5	13	0	250	
6: 554	409	91	0	-5	6	0	232	
7: 555	409	94	0	-5	6	0	178	
8: 556	405	102	0	-5	6	0	80	
9: 557	403	108	0	-3	-1	0	61	
10: 558	376	155	0	-1	-3	0	61	
11: 559	370	188	0	0	-3	0	61	
12: 560	380	233	0	0	-6	0	61	
13: 561	394	246	0	0	-8	0	80	
14: 562	405	250	0	0	-8	0	137	
15: 563	419	234	0	0	-8	0	365	
16: 564	491	299	0	-10	-13	0	452	
17: 565	494	355	0	-10	-33	0	1125	
18: 566	507	365	0	-11	-33	0	1125	
19: 567	500	379	0	-11	-14	0	452	
20: 568	498	384	0	-11	-13	0	365	
21: 569	480	368	0	-11	-10	0	365	
22: 570	475	362	0	-3	-5	0	269	
23: 571	476	365	0	-1	-5	0	269	
24: 572	448	85	0	2	-5	0	269	
25: 573	415	31	0	5	-3	0	269	
26: 574	405	-6	0	7	6	0	269	
27: 575	405	-7	0	7	6	0	245	
28: 576	405	-7	0	5	6	0	61	
29: 577	401	-18	0	5	11	0	137	
30: 578	402	-11	0	4	6	0	61	
31: 579	404	3	0	0	1	0	137	
32: 580	406	12	0	0	1	0	137	
33: 581	428	21	0	0	0	0	137	
34: 582	446	42	0	-1	-7	0	137	
35: 583	452	48	0	-2	-7	0	85	
36: 584	456	55	0	-2	-7	0	85	
37: 585	458	57	0	-2	-7	0	85	
38: 586	458	58	0	-2	-7	0	72	
39: 587	457	57	0	-2	-7	0	72	
40: 588	453	75	0	-2	-7	0	72	
41: 589	444	78	0	-2	-6	0	72	
42: 590	438	80	0	0	-3	0	65	
43: 591	417	51	0	1	-2	0	65	
44: 592	411	45	0	4	-2	0	65	
45: 593	407	40	0	4	-1	0	41	
46: 594	405	39	0	4	1	0	41	
47: 595	405	39	0	4	1	0	41	
48: 596	407	41	0	4	0	0	41	
49: 597	409	43	0	4	0	0	40	
50: 598	411	45	0	2	0	0	8	
Minimal Distance:4.54269
Minimal Index:1
Result:RightHandDownToUpSwipe

NumberOfFeatureVectors: 78
NumberOfFeatures: 8
0: 668	319	96	0	11	-3	0	137	
1: 669	316	88	0	11	-3	0	137	
2: 670	328	54	0	11	-3	0	914	
3: 671	335	32	0	11	4	0	914	
4: 672	335	24	0	8	8	0	533	
5: 673	334	18	0	3	8	0	137	
6: 674	316	11	0	3	8	0	373	
7: 675	289	0	0	3	8	0	373	
8: 676	275	-3	0	3	8	0	205	
9: 677	273	-12	0	2	8	0	205	
10: 678	302	75	0	1	8	0	373	
11: 679	312	105	0	1	7	0	373	
12: 680	333	164	0	1	6	0	373	
13: 681	347	180	0	1	3	0	452	
14: 682	337	173	0	2	3	0	452	
15: 683	327	157	0	2	3	0	452	
16: 684	314	140	0	2	3	0	452	
17: 685	313	126	0	1	7	0	452	
18: 686	312	128	0	1	-2	0	452	
19: 687	324	101	0	1	7	0	452	
20: 688	328	85	0	1	14	0	356	
21: 689	306	81	0	1	14	0	356	
22: 690	286	82	0	10	14	0	356	
23: 691	326	119	0	1	14	0	401	
24: 692	288	108	0	1	11	0	458	
25: 693	259	100	0	1	8	0	500	
26: 694	256	83	0	3	8	0	500	
27: 695	253	75	0	3	8	0	500	
28: 696	251	71	0	3	8	0	401	
29: 697	262	152	0	3	4	0	500	
30: 698	277	230	0	3	4	0	905	
31: 699	285	273	0	2	4	0	1565	
32: 700	292	285	0	2	4	0	905	
33: 701	295	282	0	-3	3	0	298	
34: 702	297	279	0	-3	3	0	193	
35: 703	293	260	0	-3	3	0	193	
36: 704	289	244	0	-3	3	0	272	
37: 705	286	260	0	-3	-12	0	272	
38: 706	304	270	0	-3	-10	0	272	
39: 707	314	276	0	-3	-6	0	265	
40: 708	323	282	0	-3	-6	0	193	
41: 709	332	287	0	-3	-5	0	136	
42: 710	340	294	0	-8	-6	0	136	
43: 711	362	316	0	-9	-6	0	265	
44: 712	368	321	0	-9	-6	0	136	
45: 713	372	324	0	-9	-6	0	117	
46: 714	367	321	0	-9	-6	0	113	
47: 715	340	177	0	-8	-5	0	113	
48: 716	348	147	0	-8	-5	0	113	
49: 717	352	127	0	-6	-3	0	113	
50: 718	361	145	0	-6	-3	0	405	
51: 719	368	249	0	-6	-3	0	416	
52: 720	368	284	0	-4	-3	0	416	
53: 721	372	337	0	-4	-3	0	964	
54: 723	395	302	0	-4	3	0	1225	
55: 723	427	307	0	-7	-5	0	1225	
56: 724	423	301	0	-7	-5	0	1049	
57: 725	446	319	0	-7	-18	0	1049	
58: 726	469	323	0	-9	-18	0	1049	
59: 727	435	278	0	-7	-5	0	1225	
60: 727	297	260	0	-4	-4	0	1225	
61: 728	452	278	0	-23	-4	0	1754	
62: 728	297	259	0	-23	6	0	1754	
63: 729	481	234	0	-23	6	0	3181	
64: 729	297	259	0	4	6	0	19368	
65: 730	463	240	0	-23	18	0	24349	
66: 730	297	259	0	34	18	0	24386	
67: 731	516	209	0	34	19	0	27917	
68: 731	297	259	0	138	18	0	27917	
69: 732	507	124	0	-155	19	0	34481	
70: 732	297	259	0	155	19	0	34481	
71: 733	480	44	0	-166	19	0	50461	
72: 733	297	259	0	166	-19	0	50461	
73: 734	297	259	0	0	0	0	50461	
74: 735	297	259	0	0	0	0	50461	
75: 736	297	259	0	0	0	0	50461	
76: 737	297	259	0	0	0	0	50461	
77: 738	297	259	0	0	0	0	0	
Minimal Distance:7.86904
Minimal Index:1
Result:RightHandDownToUpSwipe

NumberOfFeatureVectors: 35
NumberOfFeatures: 8
0: 906	277	281	0	0	0	0	389	
1: 907	275	311	0	1	0	0	461	
2: 908	275	317	0	1	-6	0	461	
3: 909	273	317	0	2	-6	0	461	
4: 910	266	330	0	2	-10	0	461	
5: 911	259	338	0	2	-8	0	389	
6: 912	323	143	0	2	-6	0	461	
7: 912	257	340	0	2	-6	0	765	
8: 913	324	143	0	2	-6	0	904	
9: 913	267	338	0	2	-8	0	904	
10: 914	324	143	0	2	-6	0	41274	
11: 914	266	338	0	7	-8	0	41274	
12: 915	325	143	0	7	-8	0	41389	
13: 915	264	338	0	7	-8	0	41506	
14: 916	328	142	0	-57	195	0	41746	
15: 916	253	327	0	57	-185	0	41506	
16: 917	329	142	0	-57	185	0	41389	
17: 917	245	324	0	57	-182	0	41274	
18: 918	334	147	0	-57	177	0	41274	
19: 918	237	317	0	58	-170	0	40180	
20: 919	336	147	0	-59	170	0	40001	
21: 919	221	306	0	61	-159	0	39850	
22: 920	337	148	0	-64	158	0	39250	
23: 921	338	149	0	-1	-1	0	38701	
24: 922	338	153	0	-1	-1	0	38506	
25: 923	336	162	0	0	-4	0	38420	
26: 924	330	162	0	0	-1	0	38309	
27: 925	325	164	0	2	-2	0	85	
28: 926	322	166	0	2	-2	0	36	
29: 927	320	169	0	2	-2	0	29	
30: 928	312	176	0	2	-2	0	29	
31: 929	308	179	0	3	-3	0	25	
32: 930	305	181	0	3	-3	0	25	
33: 931	303	182	0	3	-2	0	25	
34: 932	301	183	0	3	-2	0	13	
Minimal Distance:2.79086
Minimal Index:0
Result:RightHandUpToDownSwipe

NumberOfFeatureVectors: 10
NumberOfFeatures: 8
0: 975	214	104	0	13	1	0	173	
1: 976	198	102	0	14	1	0	245	
2: 977	191	104	0	14	-2	0	245	
3: 978	183	102	0	14	-2	0	245	
4: 979	186	106	0	14	-2	0	245	
5: 980	186	108	0	14	-2	0	245	
6: 981	187	109	0	8	-2	0	68	
7: 982	189	109	0	7	-1	0	53	
8: 983	190	110	0	0	-1	0	25	
9: 984	191	110	0	-1	-1	0	4	
Minimal Distance:0.814143
Minimal Index:2
Result:RightHandRightToLeftSwipe

NumberOfFeatureVectors: 9
NumberOfFeatures: 8
0: 1019	307	83	0	-9	3	0	181	
1: 1020	313	80	0	-9	3	0	181	
2: 1021	315	86	0	-9	3	0	181	
3: 1022	314	84	0	-9	2	0	181	
4: 1023	313	82	0	-6	2	0	45	
5: 1024	313	81	0	-3	1	0	40	
6: 1025	313	80	0	-2	1	0	10	
7: 1026	313	79	0	0	1	0	5	
8: 1027	313	78	0	0	1	0	5	
Minimal Distance:0.913328
Minimal Index:3
Result:RightHandLeftToRightSwipe

NumberOfFeatureVectors: 9
NumberOfFeatures: 8
0: 1081	258	93	0	3	11	0	130	
1: 1082	260	91	0	3	11	0	130	
2: 1083	261	90	0	3	11	0	130	
3: 1084	253	82	0	4	11	0	130	
4: 1085	250	80	0	3	11	0	130	
5: 1087	249	79	0	3	8	0	128	
6: 1088	249	78	0	3	2	0	13	
7: 1088	251	77	0	1	2	0	8	
8: 1090	256	80	0	0	1	0	8	
Minimal Distance:0.936284
Minimal Index:1
Result:RightHandDownToUpSwipe

NumberOfFeatureVectors: 29
NumberOfFeatures: 8
0: 1113	148	99	0	13	9	0	250	
1: 1114	106	97	0	18	9	0	405	
2: 1115	60	98	0	20	9	0	584	
3: 1116	27	90	0	22	9	0	596	
4: 1117	-6	79	0	23	9	0	673	
5: 1118	-8	71	0	23	9	0	673	
6: 1119	-28	73	0	23	8	0	673	
7: 1120	-29	72	0	23	8	0	673	
8: 1121	-31	71	0	23	2	0	673	
9: 1122	-34	70	0	20	1	0	404	
10: 1123	-41	-8	0	7	1	0	404	
11: 1124	-35	-45	0	3	8	0	404	
12: 1125	-33	-61	0	2	8	0	260	
13: 1126	-33	-66	0	2	5	0	68	
14: 1127	-34	-66	0	1	1	0	25	
15: 1128	93	302	0	1	1	0	25	
16: 1129	112	336	0	0	1	0	260	
17: 1130	130	344	0	-2	1	0	388	
18: 1131	139	344	0	-6	0	0	388	
19: 1132	133	354	0	-6	0	0	260	
20: 1133	129	355	0	-2	-1	0	136	
21: 1134	124	354	0	0	-1	0	81	
22: 1135	114	338	0	1	-1	0	136	
23: 1136	108	331	0	4	-1	0	136	
24: 1137	105	325	0	4	0	0	85	
25: 1138	103	321	0	4	1	0	81	
26: 1139	101	319	0	4	2	0	45	
27: 1140	100	318	0	4	2	0	26	
28: 1141	100	318	0	3	2	0	20	
Minimal Distance:2.04267
Minimal Index:2
Result:RightHandRightToLeftSwipe

NumberOfFeatureVectors: 44
NumberOfFeatures: 8
0: 1209	130	331	0	-5	3	0	162	
1: 1210	111	339	0	-5	3	0	181	
2: 1211	137	351	0	-6	-8	0	205	
3: 1212	126	352	0	-5	-8	0	181	
4: 1213	119	351	0	-3	-8	0	162	
5: 1214	138	319	0	-3	-8	0	205	
6: 1215	130	318	0	7	-8	0	205	
7: 1216	124	318	0	7	-1	0	162	
8: 1217	122	316	0	7	0	0	122	
9: 1218	126	311	0	6	1	0	65	
10: 1219	150	311	0	2	1	0	65	
11: 1220	176	306	0	2	1	0	65	
12: 1221	199	317	0	-4	1	0	65	
13: 1222	233	301	0	-19	2	0	576	
14: 1223	328	312	0	-23	1	0	576	
15: 1224	349	291	0	-23	2	0	650	
16: 1225	391	307	0	-24	2	0	701	
17: 1226	433	321	0	-26	0	0	882	
18: 1227	475	303	0	-34	0	0	1412	
19: 1228	501	288	0	-34	5	0	1412	
20: 1229	510	289	0	-34	-1	0	1412	
21: 1230	521	288	0	-34	1	0	1412	
22: 1231	519	278	0	-26	1	0	901	
23: 1232	509	268	0	-21	10	0	882	
24: 1233	507	265	0	-11	3	0	200	
25: 1234	498	260	0	-9	5	0	122	
26: 1235	493	255	0	2	5	0	106	
27: 1236	484	207	0	2	5	0	106	
28: 1237	435	196	0	5	5	0	106	
29: 1238	424	195	0	9	5	0	122	
30: 1239	427	199	0	9	5	0	106	
31: 1240	436	206	0	9	5	0	122	
32: 1241	468	90	0	5	5	0	122	
33: 1242	465	102	0	5	5	0	130	
34: 1243	468	95	0	3	5	0	130	
35: 1244	469	90	0	-1	5	0	130	
36: 1245	469	91	0	-1	1	0	122	
37: 1246	483	65	0	-3	1	0	122	
38: 1247	457	88	0	-3	-1	0	130	
39: 1247	297	258	0	-1	-1	0	153	
40: 1248	297	258	0	0	0	0	153	
41: 1249	297	258	0	0	0	0	58	
42: 1250	297	258	0	0	0	0	26	
43: 1251	297	258	0	0	0	0	1	
Minimal Distance:3.85848
Minimal Index:1
Result:RightHandDownToUpSwipe

NumberOfFeatureVectors: 68
NumberOfFeatures: 8
0: 1377	229	238	0	0	0	0	5065	
1: 1377	297	259	0	0	0	0	5065	
2: 1378	239	240	0	0	0	0	5065	
3: 1378	297	259	0	0	0	0	5065	
4: 1379	243	229	0	54	19	0	5065	
5: 1379	297	259	0	-54	-19	0	5065	
6: 1380	249	223	0	48	19	0	3816	
7: 1380	293	270	0	-44	-19	0	3816	
8: 1381	249	209	0	44	19	0	3816	
9: 1381	292	277	0	-43	-19	0	3816	
10: 1382	265	210	0	27	19	0	3816	
11: 1382	302	371	0	-37	-19	0	4145	
12: 1383	276	207	0	26	30	0	5218	
13: 1384	293	201	0	-17	6	0	5218	
14: 1385	306	196	0	-13	6	0	5218	
15: 1386	314	190	0	-13	6	0	5218	
16: 1387	317	186	0	-8	6	0	5218	
17: 1388	319	181	0	-8	5	0	325	
18: 1389	319	178	0	-3	5	0	194	
19: 1390	327	176	0	-8	5	0	100	
20: 1391	302	155	0	-3	5	0	100	
21: 1392	324	235	0	-8	5	0	100	
22: 1393	360	220	0	-8	5	0	100	
23: 1394	372	207	0	-8	5	0	100	
24: 1395	391	177	0	-8	5	0	313	
25: 1396	398	120	0	-8	13	0	1066	
26: 1397	419	101	0	-12	15	0	1066	
27: 1398	409	123	0	-12	15	0	1066	
28: 1399	440	120	0	-19	15	0	1066	
29: 1400	466	222	0	-21	13	0	1261	
30: 1401	437	232	0	-19	13	0	970	
31: 1402	436	320	0	-12	3	0	970	
32: 1403	420	322	0	-7	-2	0	970	
33: 1404	461	341	0	-7	-10	0	970	
34: 1405	459	350	0	1	-10	0	941	
35: 1407	470	325	0	1	-10	0	941	
36: 1408	479	109	0	-9	-9	0	970	
37: 1408	479	83	0	0	-9	0	941	
38: 1409	473	74	0	1	-2	0	746	
39: 1410	472	80	0	1	-2	0	676	
40: 1411	467	12	0	1	9	0	676	
41: 1412	435	10	0	1	9	0	746	
42: 1413	416	15	0	2	9	0	676	
43: 1414	407	18	0	5	9	0	676	
44: 1415	406	33	0	5	2	0	386	
45: 1416	395	67	0	6	-3	0	386	
46: 1416	297	259	0	9	-5	0	386	
47: 1417	414	52	0	9	-5	0	1028	
48: 1417	297	259	0	11	-5	0	1277	
49: 1418	427	31	0	11	-5	0	1277	
50: 1418	297	259	0	11	-15	0	46468	
51: 1419	417	40	0	9	-15	0	56538	
52: 1419	297	259	0	11	-34	0	56538	
53: 1420	434	57	0	11	-34	0	59573	
54: 1420	297	259	0	98	-192	0	59573	
55: 1421	429	54	0	-117	202	0	59573	
56: 1421	297	259	0	117	-202	0	59573	
57: 1422	408	46	0	-111	202	0	59573	
58: 1422	297	259	0	111	-202	0	59573	
59: 1423	392	0	0	-95	202	0	59573	
60: 1423	297	259	0	95	-202	0	59573	
61: 1424	357	-70	0	-60	202	0	59573	
62: 1424	297	259	0	60	-202	0	59573	
63: 1425	297	259	0	0	0	0	59449	
64: 1426	297	259	0	0	0	0	59449	
65: 1427	297	259	0	0	0	0	57690	
66: 1428	297	259	0	0	0	0	57690	
67: 1429	297	259	0	0	0	0	0	
Minimal Distance:6.69814
Minimal Index:1
Result:RightHandDownToUpSwipe

NumberOfFeatureVectors: 10
NumberOfFeatures: 8
0: 2081	210	153	0	-7	7	0	149	
1: 2082	216	138	0	-7	12	0	244	
2: 2083	212	137	0	-7	12	0	244	
3: 2084	213	130	0	-7	12	0	244	
4: 2085	212	126	0	-7	12	0	244	
5: 2086	211	122	0	-6	12	0	244	
6: 2087	210	120	0	-1	7	0	50	
7: 2088	218	108	0	-1	7	0	50	
8: 2089	224	101	0	-1	7	0	50	
9: 2090	226	98	0	-1	4	0	17	
Minimal Distance:0.797646
Minimal Index:1
Result:RightHandDownToUpSwipe

NumberOfFeatureVectors: 15
NumberOfFeatures: 8
0: 2113	146	78	0	10	3	0	125	
1: 2115	127	113	0	10	3	0	164	
2: 2115	99	98	0	15	4	0	234	
3: 2116	108	119	0	15	4	0	522	
4: 2117	87	101	0	19	4	0	712	
5: 2118	103	123	0	19	3	0	738	
6: 2119	103	129	0	19	3	0	738	
7: 2120	114	128	0	19	1	0	738	
8: 2121	120	129	0	0	-1	0	738	
9: 2122	122	128	0	-2	-1	0	522	
10: 2123	124	127	0	-2	1	0	122	
11: 2124	121	122	0	-2	1	0	37	
12: 2125	119	121	0	-2	1	0	36	
13: 2126	118	121	0	-2	1	0	34	
14: 2127	117	122	0	0	1	0	5	
Minimal Distance:0.672283
Minimal Index:2
Result:RightHandRightToLeftSwipe

NumberOfFeatureVectors: 11
NumberOfFeatures: 8
0: 2158	180	65	0	-6	5	0	226	
1: 2159	202	69	0	-8	5	0	233	
2: 2161	209	76	0	-8	5	0	233	
3: 2161	218	72	0	-9	5	0	233	
4: 2162	222	73	0	-9	5	0	233	
5: 2163	212	87	0	-9	4	0	277	
6: 2164	213	89	0	-9	-1	0	277	
7: 2165	212	91	0	-7	-2	0	98	
8: 2166	208	95	0	-4	-2	0	97	
9: 2167	206	96	0	-1	-2	0	32	
10: 2168	205	97	0	1	-2	0	17	
Minimal Distance:0.711642
Minimal Index:3
Result:RightHandLeftToRightSwipe

NumberOfFeatureVectors: 11
NumberOfFeatures: 8
0: 2189	151	207	0	0	-5	0	244	
1: 2190	146	203	0	5	-5	0	244	
2: 2191	133	205	0	7	-5	0	244	
3: 2192	128	203	0	7	-5	0	244	
4: 2193	130	199	0	7	-5	0	244	
5: 2194	156	193	0	7	-2	0	244	
6: 2195	160	191	0	5	2	0	173	
7: 2196	168	191	0	5	2	0	64	
8: 2197	172	190	0	-2	2	0	41	
9: 2198	174	190	0	-2	2	0	29	
10: 2199	176	189	0	-2	1	0	20	
Minimal Distance:0.803399
Minimal Index:0
Result:RightHandUpToDownSwipe

NumberOfFeatureVectors: 31
NumberOfFeatures: 8
0: 2231	160	121	0	9	8	0	170	
1: 2232	120	127	0	9	8	0	181	
2: 2233	119	62	0	9	8	0	208	
3: 2234	48	57	0	12	8	0	353	
4: 2235	31	61	0	17	8	0	353	
5: 2236	-19	43	0	17	8	0	1220	
6: 2237	-28	27	0	17	8	0	1220	
7: 2238	-60	29	0	32	8	0	1220	
8: 2239	-72	28	0	32	5	0	1220	
9: 2240	-83	29	0	17	1	0	1028	
10: 2241	-29	140	0	12	1	0	1028	
11: 2242	14	191	0	12	-1	0	1028	
12: 2243	55	233	0	11	-2	0	1028	
13: 2244	64	243	0	9	-2	0	1028	
14: 2245	75	212	0	-9	-2	0	1028	
15: 2246	83	206	0	-9	-2	0	1028	
16: 2247	55	216	0	-9	-10	0	884	
17: 2248	36	222	0	-9	-10	0	884	
18: 2249	64	267	0	-11	-10	0	1082	
19: 2250	87	297	0	-11	-10	0	1082	
20: 2251	97	309	0	-10	-10	0	884	
21: 2252	104	314	0	-9	-10	0	397	
22: 2253	112	305	0	-8	-6	0	397	
23: 2254	117	298	0	-8	-6	0	244	
24: 2255	122	293	0	-7	-6	0	244	
25: 2256	120	288	0	-7	-5	0	145	
26: 2257	118	285	0	-7	3	0	74	
27: 2258	117	282	0	-5	3	0	74	
28: 2259	115	280	0	-5	3	0	50	
29: 2260	114	279	0	1	3	0	29	
30: 2261	112	278	0	1	3	0	13	
Minimal Distance:2.33179
Minimal Index:2
Result:RightHandRightToLeftSwipe

NumberOfFeatureVectors: 13
NumberOfFeatures: 8
0: 1930	267	82	0	5	2	0	160	
1: 1930	251	81	0	5	2	0	169	
2: 1931	226	84	0	16	2	0	257	
3: 1933	217	90	0	16	2	0	257	
4: 1933	204	92	0	16	2	0	257	
5: 1934	194	92	0	16	1	0	257	
6: 1935	196	97	0	16	0	0	257	
7: 1937	191	97	0	13	0	0	173	
8: 1937	190	97	0	10	0	0	117	
9: 1938	190	97	0	9	0	0	100	
10: 1939	190	96	0	5	0	0	29	
11: 1942	189	92	0	1	0	0	25	
12: 1942	188	90	0	1	0	0	17	
Minimal Distance:0.388615
Minimal Index:2
Result:RightHandRightToLeftSwipe

NumberOfFeatureVectors: 10
NumberOfFeatures: 8
0: 2009	301	90	0	-12	0	0	145	
1: 2010	326	89	0	-12	0	0	145	
2: 2011	339	91	0	-13	-1	0	173	
3: 2012	341	102	0	-13	-1	0	173	
4: 2013	345	107	0	-13	-1	0	173	
5: 2014	347	110	0	-13	-2	0	173	
6: 2015	348	113	0	-13	-2	0	173	
7: 2016	348	115	0	-4	-2	0	125	
8: 2018	347	116	0	-2	-2	0	41	
9: 2018	346	116	0	-2	-2	0	13	
Minimal Distance:0.704806
Minimal Index:3
Result:RightHandLeftToRightSwipe

NumberOfFeatureVectors: 9
NumberOfFeatures: 8
0: 2056	227	78	0	9	1	0	277	
1: 2058	220	81	0	9	1	0	277	
2: 2058	215	83	0	9	1	0	277	
3: 2060	210	83	0	9	1	0	277	
4: 2060	207	83	0	9	0	0	277	
5: 2061	206	83	0	7	0	0	58	
6: 2063	207	83	0	5	0	0	29	
7: 2063	208	83	0	5	0	0	25	
8: 2064	209	82	0	3	0	0	9	
Minimal Distance:0.819241
Minimal Index:2
Result:RightHandRightToLeftSwipe

NumberOfFeatureVectors: 11
NumberOfFeatures: 8
0: 2098	235	180	0	-1	-9	0	121	
1: 2098	227	173	0	-1	-5	0	113	
2: 2099	220	168	0	-1	1	0	82	
3: 2100	217	166	0	-1	1	0	74	
4: 2103	213	173	0	3	1	0	65	
5: 2103	211	176	0	3	1	0	61	
6: 2104	210	189	0	3	1	0	65	
7: 2105	210	196	0	3	1	0	65	
8: 2106	210	198	0	2	-2	0	65	
9: 2108	211	199	0	2	-2	0	49	
10: 2108	212	199	0	1	-2	0	13	
Minimal Distance:0.967818
Minimal Index:5
Result:RightHandDiagonalUpperRight2LowerLeft

NumberOfFeatureVectors: 9
NumberOfFeatures: 8
0: 2140	220	40	0	9	15	0	337	
1: 2141	227	55	0	9	15	0	337	
2: 2142	233	59	0	8	4	0	274	
3: 2143	235	60	0	7	3	0	116	
4: 2144	234	56	0	1	3	0	52	
5: 2145	233	53	0	1	3	0	50	
6: 2146	231	50	0	1	3	0	34	
7: 2147	228	47	0	1	3	0	18	
8: 2148	225	44	0	1	3	0	18	
Minimal Distance:0.985038
Minimal Index:1
Result:RightHandDownToUpSwipe

NumberOfFeatureVectors: 49
NumberOfFeatures: 8
0: 2179	139	50	0	3	4	0	137	
1: 2180	112	87	0	3	4	0	289	
2: 2181	103	95	0	3	-6	0	289	
3: 2182	96	99	0	7	-6	0	289	
4: 2183	85	105	0	9	-6	0	157	
5: 2185	78	107	0	7	-6	0	145	
6: 2185	72	104	0	7	-6	0	145	
7: 2187	48	117	0	7	-6	0	157	
8: 2187	-3	166	0	9	-6	0	157	
9: 2188	2	231	0	9	-8	0	157	
10: 2189	12	231	0	7	-6	0	145	
11: 2190	32	208	0	7	-4	0	157	
12: 2191	39	198	0	6	-2	0	157	
13: 2192	85	179	0	-5	0	0	745	
14: 2193	107	151	0	-7	3	0	929	
15: 2194	66	123	0	-7	10	0	1268	
16: 2195	81	53	0	-10	19	0	2465	
17: 2196	139	67	0	-15	19	0	2465	
18: 2197	161	52	0	-20	19	0	1268	
19: 2198	156	52	0	-20	19	0	1268	
20: 2201	153	44	0	-15	15	0	1268	
21: 2201	134	5	0	-15	19	0	1882	
22: 2202	131	28	0	3	15	0	1268	
23: 2203	72	-10	0	3	15	0	1882	
24: 2204	52	5	0	3	8	0	709	
25: 2205	19	-7	0	5	8	0	709	
26: 2206	47	17	0	5	8	0	709	
27: 2207	21	21	0	19	0	0	692	
28: 2208	84	55	0	19	-4	0	1233	
29: 2209	46	304	0	20	-15	0	1360	
30: 2210	50	405	0	20	-23	0	1360	
31: 5237	104	320	0	20	-15	0	4925	
32: 5238	133	338	0	-4	-18	0	1360	
33: 5239	138	341	0	-5	-18	0	1360	
34: 5240	143	347	0	-5	-18	0	1360	
35: 5241	125	342	0	-5	-6	0	1165	
36: 5242	124	343	0	-5	-6	0	1165	
37: 5243	131	346	0	-5	-3	0	349	
38: 5244	136	345	0	-5	-3	0	61	
39: 5245	114	332	0	-5	-1	0	61	
40: 5246	108	328	0	-5	-1	0	58	
41: 5247	102	324	0	1	1	0	52	
42: 5248	132	337	0	1	1	0	58	
43: 5249	134	338	0	1	1	0	52	
44: 5250	142	343	0	-2	-1	0	52	
45: 5251	145	346	0	-3	-1	0	52	
46: 5252	145	345	0	-2	1	0	52	
47: 5255	145	341	0	0	1	0	52	
48: 5255	144	339	0	0	1	0	18	
Minimal Distance:4.35621
Minimal Index:1
Result:RightHandDownToUpSwipe

NumberOfFeatureVectors: 9
NumberOfFeatures: 8
0: 6119	101	311	0	0	-3	0	233	
1: 6120	100	311	0	1	-3	0	233	
2: 6121	131	314	0	1	-3	0	362	
3: 6122	137	327	0	0	-3	0	233	
4: 6123	144	331	0	-1	-3	0	233	
5: 6124	145	333	0	-1	-3	0	205	
6: 6125	145	334	0	-1	-3	0	65	
7: 6126	145	334	0	-1	-2	0	65	
8: 6127	143	334	0	-1	-1	0	5	
Minimal Distance:0.925595
Minimal Index:0
Result:RightHandUpToDownSwipe

NumberOfFeatureVectors: 13
NumberOfFeatures: 8
0: 137	288	199	0	2	4	0	153	
1: 138	293	178	0	2	10	0	404	
2: 139	301	185	0	-1	10	0	153	
3: 140	308	173	0	-3	12	0	193	
4: 142	313	172	0	-3	10	0	153	
5: 142	317	170	0	-4	10	0	153	
6: 143	323	165	0	-5	10	0	113	
7: 144	326	162	0	-5	5	0	113	
8: 145	328	160	0	-5	3	0	61	
9: 146	333	161	0	-5	2	0	26	
10: 147	336	160	0	-5	2	0	26	
11: 148	343	160	0	-5	2	0	26	
12: 149	346	159	0	-4	1	0	20	
Minimal Distance:0.673351
Minimal Index:1
Result:RightHandDownToUpSwipe

NumberOfFeatureVectors: 9
NumberOfFeatures: 8
0: 168	221	122	0	18	-2	0	373	
1: 169	224	120	0	1	-2	0	13	
2: 170	226	119	0	1	-2	0	10	
3: 171	227	118	0	1	-1	0	5	
4: 172	227	118	0	0	0	0	5	
5: 174	228	117	0	-1	0	0	2	
6: 174	228	117	0	-1	0	0	2	
7: 175	228	117	0	-1	0	0	2	
8: 176	227	117	0	-1	0	0	2	
Minimal Distance:1.21963
Minimal Index:0
Result:RightHandUpToDownSwipe

NumberOfFeatureVectors: 11
NumberOfFeatures: 8
0: 235	314	121	0	-13	-1	0	178	
1: 236	324	118	0	-13	-1	0	178	
2: 237	332	114	0	-13	-1	0	178	
3: 238	340	102	0	-13	3	0	208	
4: 239	347	98	0	-10	4	0	178	
5: 240	349	93	0	-8	4	0	109	
6: 241	349	95	0	-8	4	0	80	
7: 242	350	96	0	-8	4	0	80	
8: 243	352	94	0	-7	4	0	65	
9: 244	353	93	0	-2	3	0	29	
10: 245	355	91	0	-2	2	0	8	
Minimal Distance:0.623955
Minimal Index:3
Result:RightHandLeftToRightSwipe

NumberOfFeatureVectors: 12
NumberOfFeatures: 8
0: 334	283	104	0	-4	4	0	122	
1: 335	309	97	0	-11	6	0	232	
2: 337	342	86	0	-14	6	0	232	
3: 337	345	96	0	-14	4	0	232	
4: 338	353	97	0	-14	2	0	232	
5: 339	359	99	0	-14	-1	0	232	
6: 340	361	100	0	-14	-1	0	232	
7: 341	366	98	0	-8	-1	0	109	
8: 342	367	97	0	-6	-1	0	65	
9: 343	367	95	0	-5	1	0	40	
10: 344	366	95	0	-3	0	0	29	
11: 346	365	94	0	-2	0	0	5	
Minimal Distance:0.482894
Minimal Index:3
Result:RightHandLeftToRightSwipe

NumberOfFeatureVectors: 14
NumberOfFeatures: 8
0: 380	277	114	0	11	-1	0	170	
1: 381	269	115	0	11	-1	0	170	
2: 382	259	116	0	11	-1	0	170	
3: 383	253	117	0	11	-1	0	170	
4: 384	248	118	0	11	-1	0	170	
5: 385	239	120	0	10	-1	0	101	
6: 386	230	118	0	9	-1	0	85	
7: 387	225	118	0	9	-1	0	85	
8: 388	216	116	0	9	-1	0	85	
9: 389	213	115	0	8	-1	0	65	
10: 390	210	115	0	6	0	0	37	
11: 391	208	114	0	5	0	0	26	
12: 392	207	114	0	5	0	0	25	
13: 393	205	113	0	3	1	0	10	
Minimal Distance:0.271192
Minimal Index:2
Result:RightHandRightToLeftSwipe

NumberOfFeatureVectors: 9
NumberOfFeatures: 8
0: 451	219	104	0	21	1	0	457	
1: 452	199	116	0	21	1	0	544	
2: 453	198	119	0	21	-1	0	544	
3: 454	196	120	0	21	-1	0	544	
4: 455	195	121	0	21	-1	0	544	
5: 456	195	121	0	20	-1	0	544	
6: 457	196	121	0	2	-1	0	10	
7: 458	198	120	0	1	-1	0	5	
8: 459	199	119	0	1	-1	0	5	
Minimal Distance:0.870785
Minimal Index:2
Result:RightHandRightToLeftSwipe

NumberOfFeatureVectors: 22
NumberOfFeatures: 8
0: 495	249	186	0	-7	-11	0	170	
1: 496	255	197	0	-7	-11	0	170	
2: 497	265	209	0	-8	-11	0	185	
3: 498	273	220	0	-8	-11	0	185	
4: 499	280	229	0	-8	-11	0	185	
5: 500	289	246	0	-8	-11	0	208	
6: 501	295	254	0	-8	-11	0	185	
7: 502	299	262	0	-8	-11	0	185	
8: 503	302	267	0	-7	-11	0	157	
9: 504	304	271	0	-6	-9	0	130	
10: 505	305	282	0	-6	-9	0	122	
11: 506	305	287	0	-4	-8	0	100	
12: 507	302	293	0	-3	-8	0	80	
13: 508	300	295	0	-2	-6	0	45	
14: 509	298	295	0	-1	-5	0	34	
15: 510	289	294	0	0	-5	0	34	
16: 511	284	293	0	2	-4	0	26	
17: 512	280	289	0	2	-2	0	26	
18: 513	277	285	0	3	0	0	26	
19: 514	275	282	0	3	1	0	25	
20: 515	274	280	0	3	1	0	25	
21: 516	272	278	0	2	2	0	13	
Minimal Distance:0.987074
Minimal Index:4
Result:RightHandDiagonalUpperLeft2LowerRight

NumberOfFeatureVectors: 36
NumberOfFeatures: 8
0: 558	217	299	0	1	-2	0	650	
1: 559	218	300	0	1	-2	0	650	
2: 560	169	279	0	1	-2	0	970	
3: 561	178	283	0	-1	-2	0	970	
4: 562	163	259	0	-1	-1	0	970	
5: 563	148	241	0	-1	-1	0	801	
6: 564	148	232	0	0	9	0	650	
7: 565	156	226	0	0	9	0	549	
8: 566	159	223	0	-1	6	0	100	
9: 567	161	222	0	-1	6	0	97	
10: 568	125	269	0	0	6	0	100	
11: 569	110	266	0	0	3	0	100	
12: 570	69	246	0	15	6	0	234	
13: 571	51	235	0	15	6	0	234	
14: 572	59	230	0	0	5	0	100	
15: 573	76	245	0	-2	3	0	234	
16: 574	85	240	0	-2	3	0	234	
17: 575	99	241	0	-2	3	0	234	
18: 576	73	223	0	15	5	0	445	
19: 577	63	213	0	10	5	0	234	
20: 578	43	148	0	10	10	0	445	
21: 579	32	109	0	10	10	0	445	
22: 580	28	96	0	4	10	0	200	
23: 581	26	89	0	4	10	0	200	
24: 582	71	94	0	4	10	0	200	
25: 583	131	102	0	4	10	0	1000	
26: 584	164	112	0	4	10	0	1189	
27: 585	185	96	0	2	10	0	1189	
28: 586	179	106	0	2	7	0	1189	
29: 587	179	111	0	0	-5	0	697	
30: 588	184	106	0	-5	-5	0	185	
31: 589	186	104	0	-5	-5	0	136	
32: 590	187	102	0	-5	-5	0	136	
33: 591	187	100	0	-2	2	0	50	
34: 592	187	99	0	-1	2	0	25	
35: 593	186	98	0	0	2	0	8	
Minimal Distance:2.66849
Minimal Index:1
Result:RightHandDownToUpSwipe

NumberOfFeatureVectors: 9
NumberOfFeatures: 8
0: 23	440	162	0	-2	0	0	200	
1: 24	435	158	0	-2	4	0	200	
2: 25	446	163	0	-4	4	0	200	
3: 26	449	164	0	-4	4	0	200	
4: 27	447	166	0	-3	4	0	200	
5: 28	445	169	0	-3	-1	0	146	
6: 29	444	172	0	-2	-2	0	41	
7: 30	445	173	0	-1	-2	0	13	
8: 31	447	173	0	-1	-2	0	10	
Minimal Distance:0.986426
Minimal Index:3
Result:RightHandLeftToRightSwipe

NumberOfFeatureVectors: 29
NumberOfFeatures: 8
0: 363	309	131	0	-6	8	0	164	
1: 364	331	131	0	-9	8	0	194	
2: 365	350	126	0	-10	8	0	386	
3: 366	353	120	0	-10	6	0	194	
4: 367	355	115	0	-9	5	0	194	
5: 368	358	106	0	-9	6	0	194	
6: 369	358	93	0	-5	6	0	169	
7: 370	357	87	0	-3	6	0	169	
8: 371	357	82	0	-3	6	0	90	
9: 372	356	78	0	-2	5	0	45	
10: 373	357	70	0	-1	6	0	45	
11: 374	358	66	0	-1	6	0	37	
12: 376	359	62	0	-1	5	0	29	
13: 376	359	60	0	0	5	0	25	
14: 377	347	59	0	0	4	0	25	
15: 378	328	56	0	0	4	0	25	
16: 379	296	58	0	0	4	0	25	
17: 380	284	60	0	1	3	0	65	
18: 381	222	71	0	12	2	0	145	
19: 382	188	78	0	12	1	0	148	
20: 383	176	82	0	12	-2	0	160	
21: 384	176	83	0	12	-2	0	160	
22: 385	176	84	0	12	-2	0	160	
23: 386	185	87	0	12	-2	0	160	
24: 387	193	88	0	12	-2	0	148	
25: 389	199	88	0	0	-2	0	90	
26: 389	202	88	0	0	-1	0	65	
27: 390	204	88	0	-2	-1	0	36	
28: 391	205	87	0	-2	-1	0	9	
Minimal Distance:1.92294
Minimal Index:1
Result:RightHandDownToUpSwipe

NumberOfFeatureVectors: 9
NumberOfFeatures: 8
0: 412	372	31	0	-17	0	0	333	
1: 414	377	36	0	-17	0	0	333	
2: 414	378	39	0	-17	0	0	333	
3: 415	379	42	0	-17	-3	0	333	
4: 416	377	44	0	-17	-3	0	333	
5: 417	373	45	0	-5	-3	0	50	
6: 418	370	45	0	-1	-3	0	17	
7: 419	368	45	0	-1	-3	0	10	
8: 420	367	45	0	1	-2	0	10	
Minimal Distance:0.887013
Minimal Index:4
Result:RightHandDiagonalUpperLeft2LowerRight

NumberOfFeatureVectors: 9
NumberOfFeatures: 8
0: 473	166	80	0	18	0	0	333	
1: 474	135	82	0	31	-1	0	965	
2: 475	134	81	0	31	-1	0	965	
3: 476	133	82	0	31	-1	0	965	
4: 477	135	81	0	31	-1	0	965	
5: 478	138	80	0	31	0	0	965	
6: 479	143	78	0	1	1	0	29	
7: 480	147	77	0	1	1	0	17	
8: 481	150	76	0	-2	1	0	10	
Minimal Distance:0.881717
Minimal Index:2
Result:RightHandRightToLeftSwipe

NumberOfFeatureVectors: 9
NumberOfFeatures: 8
0: 527	347	48	0	-12	0	0	485	
1: 528	354	53	0	-12	0	0	485	
2: 529	361	56	0	-12	-1	0	485	
3: 530	362	59	0	-12	-3	0	485	
4: 531	362	61	0	-12	-3	0	485	
5: 532	361	63	0	-7	-3	0	74	
6: 533	356	63	0	-7	-3	0	58	
7: 534	353	64	0	-1	-3	0	25	
8: 535	351	64	0	0	-2	0	10	
Minimal Distance:0.874023
Minimal Index:4
Result:RightHandDiagonalUpperLeft2LowerRight

NumberOfFeatureVectors: 38
NumberOfFeatures: 8
0: 570	146	253	0	9	4	0	181	
1: 571	117	270	0	9	4	0	181	
2: 572	117	281	0	6	2	0	121	
3: 573	251	281	0	6	2	0	181	
4: 574	252	250	0	6	4	0	962	
5: 575	287	236	0	6	5	0	1130	
6: 576	286	238	0	1	0	0	1130	
7: 577	292	233	0	0	0	0	1130	
8: 578	296	226	0	-1	0	0	962	
9: 579	287	222	0	-1	4	0	121	
10: 580	290	212	0	-3	5	0	109	
11: 581	261	242	0	-3	5	0	109	
12: 582	172	272	0	-1	5	0	109	
13: 583	126	281	0	1	4	0	109	
14: 584	174	275	0	1	4	0	109	
15: 585	168	236	0	6	5	0	1557	
16: 586	175	256	0	6	4	0	1557	
17: 587	227	207	0	6	4	0	1741	
18: 588	247	178	0	-3	6	0	1741	
19: 589	243	168	0	4	6	0	1741	
20: 590	225	102	0	4	10	0	2197	
21: 591	242	110	0	-7	10	0	1557	
22: 592	227	106	0	-7	10	0	1241	
23: 593	246	107	0	-7	10	0	449	
24: 594	245	98	0	-7	9	0	362	
25: 595	248	120	0	-3	9	0	362	
26: 596	237	109	0	1	9	0	353	
27: 597	229	100	0	4	9	0	242	
28: 598	221	92	0	8	8	0	242	
29: 599	216	87	0	5	5	0	241	
30: 600	197	95	0	8	5	0	241	
31: 601	183	100	0	8	5	0	221	
32: 602	176	102	0	8	5	0	145	
33: 603	172	103	0	8	-1	0	145	
34: 604	169	103	0	8	0	0	128	
35: 605	168	103	0	7	0	0	53	
36: 606	169	103	0	5	0	0	50	
37: 607	171	103	0	4	0	0	17	
Minimal Distance:3.0169
Minimal Index:1
Result:RightHandDownToUpSwipe

NumberOfFeatureVectors: 20
NumberOfFeatures: 8
0: 1102	70	177	0	6	-6	0	261	
1: 1103	112	249	0	6	-11	0	850	
2: 1104	86	314	0	17	-11	0	2169	
3: 1105	95	336	0	17	-12	0	2169	
4: 1106	104	316	0	17	-12	0	2169	
5: 1107	108	286	0	17	-12	0	2169	
6: 1108	112	260	0	-4	-12	0	2169	
7: 1109	118	267	0	-4	-12	0	916	
8: 1110	119	264	0	-4	-7	0	692	
9: 1111	120	261	0	-4	3	0	565	
10: 1112	123	253	0	-4	3	0	481	
11: 1113	153	158	0	-4	8	0	481	
12: 1114	165	127	0	-4	20	0	481	
13: 1115	171	113	0	-4	14	0	232	
14: 1116	172	104	0	-4	9	0	85	
15: 1117	170	105	0	-3	8	0	82	
16: 1118	170	105	0	-1	8	0	73	
17: 1119	170	105	0	-1	8	0	73	
18: 1120	169	107	0	-1	8	0	73	
19: 1121	167	109	0	0	0	0	8	
Minimal Distance:1.20009
Minimal Index:0
Result:RightHandUpToDownSwipe

NumberOfFeatureVectors: 16
NumberOfFeatures: 8
0: 1166	97	205	0	8	1	0	125	
1: 1167	100	196	0	2	1	0	125	
2: 1168	109	189	0	2	1	0	130	
3: 1169	119	185	0	2	4	0	130	
4: 1170	127	184	0	2	4	0	130	
5: 1171	133	184	0	-3	4	0	125	
6: 1172	115	260	0	-3	4	0	125	
7: 1173	106	296	0	-3	4	0	125	
8: 1174	103	310	0	-3	1	0	125	
9: 1175	101	318	0	-3	0	0	116	
10: 1176	95	327	0	2	-8	0	117	
11: 1177	92	327	0	3	-8	0	116	
12: 1178	89	328	0	3	-8	0	68	
13: 1179	87	329	0	3	-8	0	68	
14: 1180	86	328	0	3	-8	0	68	
15: 1181	85	327	0	3	-1	0	10	
Minimal Distance:0.96606
Minimal Index:1
Result:RightHandDownToUpSwipe

NumberOfFeatureVectors: 9
NumberOfFeatures: 8
0: 384	253	66	0	11	0	0	121	
1: 385	246	95	0	11	0	0	701	
2: 386	228	95	0	18	0	0	701	
3: 387	228	97	0	18	0	0	701	
4: 388	228	98	0	18	-1	0	701	
5: 389	228	99	0	18	-1	0	701	
6: 390	228	100	0	7	-1	0	324	
7: 391	230	100	0	0	-1	0	4	
8: 392	232	100	0	0	-1	0	4	
Minimal Distance:0.912475
Minimal Index:2
Result:RightHandRightToLeftSwipe

NumberOfFeatureVectors: 9
NumberOfFeatures: 8
0: 439	353	66	0	-13	0	0	169	
1: 440	393	61	0	-13	1	0	173	
2: 441	409	62	0	-16	1	0	257	
3: 442	421	63	0	-16	1	0	257	
4: 443	421	63	0	-16	0	0	257	
5: 444	422	64	0	-16	0	0	257	
6: 445	424	65	0	-16	-1	0	257	
7: 446	423	66	0	-12	-1	0	145	
8: 447	420	66	0	-2	-1	0	9	
Minimal Distance:0.813704
Minimal Index:3
Result:RightHandLeftToRightSwipe

NumberOfFeatureVectors: 16
NumberOfFeatures: 8
0: 494	280	36	0	17	1	0	293	
1: 495	231	43	0	19	1	0	365	
2: 496	211	68	0	20	1	0	577	
3: 497	212	74	0	20	1	0	577	
4: 498	228	75	0	20	1	0	577	
5: 499	217	80	0	20	-1	0	577	
6: 500	222	78	0	20	-1	0	577	
7: 501	221	80	0	11	-2	0	257	
8: 502	222	80	0	1	-2	0	146	
9: 503	216	78	0	1	-2	0	40	
10: 504	211	75	0	1	-1	0	37	
11: 505	226	89	0	-1	-1	0	37	
12: 506	233	95	0	-1	-1	0	40	
13: 507	236	98	0	-1	-2	0	34	
14: 508	238	100	0	-2	-2	0	29	
15: 509	240	101	0	-2	-2	0	18	
Minimal Distance:0.542389
Minimal Index:5
Result:RightHandDiagonalUpperRight2LowerLeft

NumberOfFeatureVectors: 9
NumberOfFeatures: 8
0: 546	351	48	0	-7	3	0	149	
1: 547	364	49	0	-8	3	0	170	
2: 548	381	53	0	-13	3	0	305	
3: 549	382	56	0	-13	3	0	305	
4: 550	388	59	0	-13	-1	0	305	
5: 551	388	60	0	-13	-1	0	305	
6: 552	389	61	0	-13	-1	0	170	
7: 553	388	61	0	-6	-1	0	45	
8: 554	387	60	0	-1	-1	0	10	
Minimal Distance:0.84454
Minimal Index:3
Result:RightHandLeftToRightSwipe

NumberOfFeatureVectors: 10
NumberOfFeatures: 8
0: 590	383	130	0	-3	-13	0	185	
1: 591	385	145	0	-3	-15	0	229	
2: 592	382	156	0	-3	-15	0	229	
3: 593	380	166	0	-3	-15	0	229	
4: 594	374	174	0	-3	-15	0	229	
5: 595	372	177	0	-2	-15	0	229	
6: 596	370	178	0	2	-11	0	130	
7: 597	369	179	0	2	-10	0	104	
8: 598	368	180	0	2	-8	0	100	
9: 599	367	179	0	2	-3	0	13	
Minimal Distance:0.682278
Minimal Index:0
Result:RightHandUpToDownSwipe

NumberOfFeatureVectors: 10
NumberOfFeatures: 8
0: 627	371	90	0	1	11	0	122	
1: 628	364	71	0	1	11	0	125	
2: 629	359	51	0	2	12	0	160	
3: 630	355	33	0	2	17	0	293	
4: 631	350	10	0	2	18	0	340	
5: 632	350	8	0	2	18	0	340	
6: 633	349	8	0	2	18	0	340	
7: 634	349	6	0	2	18	0	340	
8: 635	349	9	0	2	17	0	293	
9: 636	349	13	0	1	2	0	16	
Minimal Distance:0.776247
Minimal Index:1
Result:RightHandDownToUpSwipe

NumberOfFeatureVectors: 9
NumberOfFeatures: 8
0: 662	304	219	0	4	-17	0	293	
1: 663	305	218	0	4	-11	0	137	
2: 664	306	218	0	4	-6	0	61	
3: 665	307	217	0	2	0	0	20	
4: 666	309	224	0	0	0	0	20	
5: 667	310	225	0	-1	0	0	2	
6: 668	311	226	0	-1	0	0	2	
7: 669	312	227	0	-1	-1	0	2	
8: 670	312	228	0	-1	-1	0	2	
Minimal Distance:1.19936
Minimal Index:0
Result:RightHandUpToDownSwipe

NumberOfFeatureVectors: 9
NumberOfFeatures: 8
0: 706	356	247	0	-4	-2	0	136	
1: 707	353	246	0	-4	1	0	136	
2: 708	352	240	0	-3	1	0	136	
3: 709	346	242	0	1	1	0	40	
4: 710	343	243	0	1	1	0	37	
5: 711	337	252	0	3	1	0	40	
6: 712	335	256	0	3	1	0	40	
7: 713	333	258	0	3	-1	0	37	
8: 714	330	260	0	3	-2	0	20	
Minimal Distance:1.22616
Minimal Index:1
Result:RightHandDownToUpSwipe

NumberOfFeatureVectors: 25
NumberOfFeatures: 8
0: 733	167	204	0	8	-7	0	442	
1: 734	159	190	0	8	-7	0	442	
2: 735	153	145	0	8	-7	0	637	
3: 736	198	123	0	8	-7	0	1746	
4: 737	195	102	0	6	14	0	1746	
5: 738	197	96	0	3	14	0	637	
6: 739	195	95	0	2	14	0	450	
7: 740	254	123	0	2	14	0	450	
8: 741	278	133	0	2	14	0	676	
9: 742	290	138	0	-2	6	0	450	
10: 743	248	110	0	-2	6	0	676	
11: 744	241	82	0	-2	6	0	676	
12: 745	228	63	0	2	6	0	530	
13: 746	224	55	0	2	6	0	530	
14: 747	221	51	0	3	4	0	530	
15: 748	225	64	0	3	4	0	530	
16: 749	225	64	0	3	4	0	185	
17: 750	226	84	0	3	4	0	185	
18: 751	227	92	0	3	4	0	185	
19: 752	231	84	0	0	4	0	80	
20: 753	233	78	0	-1	4	0	80	
21: 754	234	74	0	-1	4	0	65	
22: 755	235	71	0	-1	3	0	40	
23: 756	236	69	0	-1	2	0	40	
24: 757	236	68	0	-1	2	0	17	
Minimal Distance:1.33104
Minimal Index:1
Result:RightHandDownToUpSwipe

NumberOfFeatureVectors: 11
NumberOfFeatures: 8
0: 986	206	290	0	-4	-2	0	153	
1: 987	212	292	0	-6	-2	0	153	
2: 988	213	292	0	-6	-2	0	153	
3: 989	214	293	0	-4	-2	0	40	
4: 990	171	281	0	-1	-1	0	40	
5: 991	206	280	0	-1	-1	0	40	
6: 992	213	285	0	-1	-1	0	74	
7: 993	219	286	0	-6	-1	0	74	
8: 994	222	286	0	-6	-1	0	40	
9: 995	224	286	0	-3	0	0	37	
10: 996	224	286	0	-2	0	0	9	
Minimal Distance:0.642606
Minimal Index:4
Result:RightHandDiagonalUpperLeft2LowerRight

NumberOfFeatureVectors: 13
NumberOfFeatures: 8
0: 1070	171	284	0	-3	1	0	261	
1: 1071	175	288	0	-3	0	0	106	
2: 1072	190	294	0	-4	0	0	261	
3: 1073	210	290	0	-4	1	0	261	
4: 1074	219	288	0	-4	1	0	261	
5: 1075	223	288	0	-4	0	0	261	
6: 1076	226	287	0	-4	0	0	261	
7: 1077	220	290	0	-4	0	0	85	
8: 1078	215	292	0	-4	-2	0	45	
9: 1079	201	294	0	-4	-2	0	45	
10: 1080	199	295	0	-3	-1	0	45	
11: 1081	197	296	0	2	-1	0	29	
12: 1082	194	295	0	2	-1	0	16	
Minimal Distance:0.440359
Minimal Index:3
Result:RightHandLeftToRightSwipe

NumberOfFeatureVectors: 21
NumberOfFeatures: 8
0: 1203	201	300	0	-2	0	0	185	
1: 1204	199	302	0	-2	-1	0	185	
2: 1205	208	305	0	-6	-2	0	185	
3: 1206	171	296	0	-2	0	0	185	
4: 1207	152	292	0	2	0	0	185	
5: 1208	144	290	0	8	0	0	90	
6: 1209	139	289	0	8	1	0	90	
7: 1210	190	289	0	8	0	0	185	
8: 1211	167	282	0	8	1	0	185	
9: 1212	162	280	0	5	2	0	90	
10: 1213	157	280	0	5	2	0	90	
11: 1214	171	288	0	5	2	0	260	
12: 1215	207	289	0	5	1	0	260	
13: 1216	226	291	0	5	0	0	260	
14: 1217	233	292	0	-7	0	0	260	
15: 1218	237	292	0	-7	0	0	260	
16: 1219	239	293	0	-4	-1	0	50	
17: 1220	239	293	0	-4	-1	0	29	
18: 1221	238	293	0	-4	-1	0	25	
19: 1222	232	294	0	-4	-1	0	37	
20: 1223	229	294	0	-2	-1	0	16	
Minimal Distance:1.35021
Minimal Index:2
Result:RightHandRightToLeftSwipe

NumberOfFeatureVectors: 14
NumberOfFeatures: 8
0: 1255	220	291	0	2	-2	0	128	
1: 1256	212	296	0	3	-3	0	128	
2: 1257	215	296	0	2	-2	0	89	
3: 1258	213	299	0	2	-3	0	89	
4: 1259	167	293	0	2	-2	0	128	
5: 1260	197	295	0	-3	-2	0	229	
6: 1261	204	294	0	-3	-2	0	128	
7: 1262	213	293	0	-3	-2	0	89	
8: 1263	215	293	0	-3	0	0	82	
9: 1264	219	292	0	-3	0	0	50	
10: 1265	223	289	0	-4	1	0	25	
11: 1266	225	287	0	-4	1	0	25	
12: 1267	226	286	0	-4	1	0	25	
13: 1268	225	287	0	-4	1	0	17	
Minimal Distance:0.685894
Minimal Index:4
Result:RightHandDiagonalUpperLeft2LowerRight

NumberOfFeatureVectors: 9
NumberOfFeatures: 8
0: 1326	212	299	0	0	1	0	137	
1: 1327	218	298	0	-2	1	0	137	
2: 1328	220	298	0	-2	1	0	137	
3: 1329	223	297	0	-3	1	0	106	
4: 1330	224	295	0	-3	1	0	37	
5: 1331	225	294	0	-3	1	0	37	
6: 1332	228	294	0	-3	1	0	10	
7: 1333	208	299	0	-3	1	0	10	
8: 1334	200	301	0	-2	1	0	10	
Minimal Distance:0.935577
Minimal Index:3
Result:RightHandLeftToRightSwipe

NumberOfFeatureVectors: 22
NumberOfFeatures: 8
0: 1367	206	284	0	0	1	0	122	
1: 1368	209	284	0	-3	1	0	122	
2: 1369	211	286	0	-3	1	0	20	
3: 1370	215	287	0	-3	1	0	17	
4: 1371	161	283	0	-3	1	0	17	
5: 1372	169	291	0	-3	1	0	17	
6: 1373	147	292	0	-3	0	0	17	
7: 1374	206	287	0	-3	0	0	128	
8: 1375	168	278	0	-2	0	0	260	
9: 1376	155	273	0	-2	0	0	194	
10: 1377	150	272	0	5	1	0	194	
11: 1378	204	281	0	5	1	0	485	
12: 1379	214	281	0	5	1	0	485	
13: 1380	219	289	0	-5	0	0	194	
14: 1381	226	290	0	-5	0	0	194	
15: 1382	228	292	0	-5	0	0	100	
16: 1383	224	294	0	-2	-1	0	89	
17: 1384	208	293	0	-2	-1	0	89	
18: 1385	203	295	0	-2	-2	0	50	
19: 1386	204	295	0	-2	-2	0	50	
20: 1387	207	296	0	-2	-1	0	29	
21: 1388	209	296	0	-2	-1	0	20	
Minimal Distance:1.19976
Minimal Index:4
Result:RightHandDiagonalUpperLeft2LowerRight

NumberOfFeatureVectors: 11
NumberOfFeatures: 8
0: 1510	210	290	0	-1	0	0	148	
1: 1511	228	289	0	-1	1	0	325	
2: 1512	215	299	0	0	0	0	325	
3: 1513	217	300	0	0	0	0	325	
4: 1514	223	302	0	-2	0	0	325	
5: 1515	226	303	0	-3	0	0	269	
6: 1516	229	303	0	-3	0	0	148	
7: 1517	233	300	0	-4	0	0	40	
8: 1518	206	303	0	-3	-1	0	40	
9: 1519	204	303	0	-3	-1	0	25	
10: 1520	207	302	0	-3	-1	0	10	
Minimal Distance:0.75373
Minimal Index:3
Result:RightHandLeftToRightSwipe

NumberOfFeatureVectors: 10
NumberOfFeatures: 8
0: 1540	191	293	0	-2	1	0	164	
1: 1541	197	295	0	-4	1	0	164	
2: 1542	204	297	0	-4	1	0	53	
3: 1543	209	298	0	-5	1	0	40	
4: 1544	212	299	0	-4	-1	0	26	
5: 1545	221	305	0	-5	-1	0	40	
6: 1546	224	307	0	-5	-2	0	40	
7: 1547	226	308	0	-5	-2	0	40	
8: 1548	227	306	0	-5	-2	0	26	
9: 1549	227	306	0	-3	-1	0	13	
Minimal Distance:0.718919
Minimal Index:3
Result:RightHandLeftToRightSwipe

NumberOfFeatureVectors: 12
NumberOfFeatures: 8
0: 1597	206	300	0	0	0	0	328	
1: 1598	193	301	0	2	0	0	328	
2: 1599	208	299	0	2	1	0	328	
3: 1600	216	298	0	0	1	0	328	
4: 1601	231	297	0	-8	1	0	328	
5: 1602	239	296	0	-8	1	0	229	
6: 1603	243	295	0	-8	1	0	226	
7: 1604	238	296	0	-8	1	0	170	
8: 1605	237	296	0	-8	1	0	65	
9: 1606	235	296	0	-4	1	0	65	
10: 1607	232	297	0	-4	1	0	26	
11: 1608	228	298	0	1	0	0	17	
Minimal Distance:0.829389
Minimal Index:3
Result:RightHandLeftToRightSwipe

NumberOfFeatureVectors: 12
NumberOfFeatures: 8
0: 1642	197	293	0	-1	-2	0	169	
1: 1643	193	290	0	0	-2	0	169	
2: 1644	212	293	0	0	-3	0	370	
3: 1645	220	294	0	-1	-2	0	370	
4: 1646	227	294	0	-7	-1	0	370	
5: 1647	230	294	0	-7	0	0	370	
6: 1648	231	294	0	-7	0	0	65	
7: 1649	232	294	0	-3	0	0	49	
8: 1651	232	294	0	-3	0	0	25	
9: 1651	226	293	0	-1	0	0	25	
10: 1652	220	293	0	-1	0	0	36	
11: 1654	219	293	0	-1	0	0	9	
Minimal Distance:0.642296
Minimal Index:4
Result:RightHandDiagonalUpperLeft2LowerRight

NumberOfFeatureVectors: 23
NumberOfFeatures: 8
0: 248	242	77	0	21	1	0	585	
1: 249	224	81	0	21	1	0	585	
2: 251	223	89	0	21	0	0	585	
3: 251	199	74	0	24	1	0	610	
4: 252	195	68	0	24	3	0	610	
5: 253	222	88	0	21	-1	0	610	
6: 254	222	90	0	18	-2	0	610	
7: 255	230	96	0	4	-4	0	340	
8: 256	207	80	0	4	-2	0	340	
9: 257	203	78	0	4	-2	0	100	
10: 258	219	89	0	1	-2	0	100	
11: 259	223	93	0	0	-2	0	100	
12: 260	205	81	0	0	-2	0	100	
13: 261	199	78	0	0	-2	0	100	
14: 262	195	75	0	4	2	0	45	
15: 263	219	90	0	4	2	0	100	
16: 264	224	94	0	4	2	0	45	
17: 265	230	97	0	-4	-3	0	45	
18: 266	232	98	0	-4	-3	0	45	
19: 267	234	99	0	-2	-1	0	41	
20: 268	234	100	0	-2	-1	0	41	
21: 269	233	99	0	-2	-1	0	25	
22: 270	232	99	0	-2	-1	0	5	
Minimal Distance:1.34132
Minimal Index:5
Result:RightHandDiagonalUpperRight2LowerLeft

NumberOfFeatureVectors: 10
NumberOfFeatures: 8
0: 313	269	54	0	-10	-1	0	265	
1: 314	304	33	0	-16	-1	0	370	
2: 315	329	19	0	-17	9	0	410	
3: 316	339	20	0	-17	9	0	410	
4: 317	355	23	0	-16	9	0	370	
5: 318	359	25	0	-16	-1	0	370	
6: 319	361	26	0	-16	-1	0	265	
7: 320	363	28	0	-16	-1	0	265	
8: 321	361	30	0	-10	-1	0	101	
9: 322	360	31	0	-4	-1	0	20	
Minimal Distance:0.705325
Minimal Index:3
Result:RightHandLeftToRightSwipe

NumberOfFeatureVectors: 15
NumberOfFeatures: 8
0: 362	221	66	0	18	-4	0	405	
1: 363	213	87	0	18	-4	0	436	
2: 364	211	99	0	18	-6	0	436	
3: 366	213	102	0	18	-6	0	436	
4: 366	191	91	0	19	-6	0	482	
5: 367	212	101	0	19	-10	0	505	
6: 368	193	90	0	19	-10	0	482	
7: 369	211	97	0	8	-10	0	482	
8: 371	197	87	0	8	-7	0	482	
9: 371	190	82	0	7	-3	0	373	
10: 372	188	80	0	2	2	0	296	
11: 373	186	79	0	2	2	0	296	
12: 374	185	79	0	2	2	0	296	
13: 375	185	78	0	2	1	0	74	
14: 376	184	79	0	2	1	0	8	
Minimal Distance:0.312708
Minimal Index:2
Result:RightHandRightToLeftSwipe

NumberOfFeatureVectors: 11
NumberOfFeatures: 8
0: 400	292	204	0	-10	-13	0	250	
1: 401	299	216	0	-10	-13	0	250	
2: 402	299	234	0	-10	-16	0	324	
3: 403	305	235	0	-10	-16	0	324	
4: 404	308	240	0	-9	-12	0	193	
5: 405	309	243	0	-7	-6	0	136	
6: 406	310	242	0	-6	-5	0	97	
7: 407	310	240	0	-3	-4	0	37	
8: 408	303	235	0	-1	-3	0	37	
9: 409	299	237	0	-1	-2	0	34	
10: 410	297	239	0	0	-2	0	20	
Minimal Distance:0.576876
Minimal Index:4
Result:RightHandDiagonalUpperLeft2LowerRight

NumberOfFeatureVectors: 37
NumberOfFeatures: 8
0: 438	166	172	0	9	5	0	125	
1: 439	156	165	0	10	7	0	149	
2: 440	143	159	0	10	7	0	205	
3: 441	117	158	0	13	7	0	490	
4: 442	103	160	0	14	7	0	490	
5: 443	96	160	0	14	7	0	490	
6: 444	91	160	0	13	6	0	205	
7: 445	125	150	0	10	6	0	205	
8: 446	273	147	0	10	3	0	205	
9: 447	299	142	0	7	3	0	205	
10: 448	296	144	0	5	1	0	205	
11: 449	278	149	0	5	0	0	349	
12: 450	279	140	0	3	0	0	200	
13: 451	275	142	0	3	0	0	82	
14: 452	277	148	0	-1	0	0	82	
15: 453	266	171	0	-1	-2	0	349	
16: 454	265	130	0	1	-2	0	349	
17: 455	252	115	0	3	-2	0	349	
18: 456	233	188	0	4	-2	0	349	
19: 457	207	196	0	11	-5	0	394	
20: 458	197	219	0	10	-6	0	629	
21: 459	201	221	0	10	-6	0	629	
22: 460	202	237	0	10	-8	0	629	
23: 461	195	234	0	10	-8	0	629	
24: 462	201	220	0	7	-2	0	394	
25: 463	197	231	0	7	-8	0	257	
26: 464	203	228	0	4	-8	0	232	
27: 465	198	268	0	4	-8	0	232	
28: 466	191	288	0	4	-11	0	232	
29: 467	188	301	0	3	-11	0	178	
30: 468	186	296	0	3	-11	0	178	
31: 469	185	298	0	3	-2	0	137	
32: 470	184	295	0	2	-2	0	137	
33: 471	184	293	0	2	-2	0	45	
34: 472	185	288	0	1	2	0	29	
35: 473	186	285	0	1	2	0	26	
36: 474	187	284	0	1	2	0	10	
Minimal Distance:3.04443
Minimal Index:5
Result:RightHandDiagonalUpperRight2LowerLeft

NumberOfFeatureVectors: 22
NumberOfFeatures: 8
0: 538	291	273	0	-5	-1	0	148	
1: 539	298	273	0	-7	0	0	148	
2: 540	299	272	0	-7	0	0	148	
3: 541	300	279	0	-7	0	0	148	
4: 542	305	282	0	-7	-2	0	50	
5: 543	306	284	0	-7	-2	0	50	
6: 544	297	285	0	-5	-2	0	50	
7: 545	298	286	0	-1	-1	0	49	
8: 546	308	274	0	-1	-1	0	49	
9: 547	310	233	0	-1	-1	0	49	
10: 548	311	207	0	-1	-1	0	50	
11: 549	321	223	0	-1	-1	0	82	
12: 550	328	222	0	-2	-1	0	82	
13: 551	332	227	0	-2	-1	0	82	
14: 552	332	232	0	-2	-1	0	82	
15: 553	333	233	0	-2	-1	0	50	
16: 554	318	222	0	-2	1	0	244	
17: 555	318	222	0	-1	0	0	50	
18: 556	316	221	0	-1	0	0	41	
19: 557	323	224	0	-1	-1	0	41	
20: 558	325	224	0	-1	0	0	25	
21: 559	326	220	0	-1	0	0	17	
Minimal Distance:1.11736
Minimal Index:4
Result:RightHandDiagonalUpperLeft2LowerRight

NumberOfFeatureVectors: 10
NumberOfFeatures: 8
0: 612	348	224	0	-4	-22	0	548	
1: 613	354	263	0	-6	-24	0	676	
2: 614	348	252	0	-6	-24	0	676	
3: 615	346	253	0	-6	-24	0	676	
4: 616	345	253	0	-6	-24	0	676	
5: 617	344	248	0	1	-24	0	676	
6: 618	343	243	0	1	-1	0	157	
7: 619	343	240	0	1	0	0	26	
8: 620	343	237	0	1	3	0	26	
9: 621	344	235	0	1	3	0	9	
Minimal Distance:0.752267
Minimal Index:0
Result:RightHandUpToDownSwipe

NumberOfFeatureVectors: 9
NumberOfFeatures: 8
0: 659	342	35	0	-1	21	0	457	
1: 660	339	17	0	1	21	0	457	
2: 661	333	9	0	3	21	0	457	
3: 662	332	10	0	3	21	0	457	
4: 663	328	11	0	4	21	0	457	
5: 664	327	13	0	4	18	0	333	
6: 665	325	15	0	4	8	0	100	
7: 666	324	18	0	3	-1	0	17	
8: 667	324	19	0	2	-1	0	10	
Minimal Distance:0.965588
Minimal Index:1
Result:RightHandDownToUpSwipe

NumberOfFeatureVectors: 12
NumberOfFeatures: 8
0: 695	355	191	0	-3	-14	0	221	
1: 696	345	221	0	-3	-15	0	234	
2: 697	342	227	0	-3	-15	0	234	
3: 698	340	231	0	-3	-15	0	234	
4: 699	335	240	0	-3	-15	0	234	
5: 700	332	228	0	2	-15	0	234	
6: 701	330	221	0	2	-9	0	153	
7: 702	329	217	0	2	-6	0	106	
8: 703	329	215	0	2	-4	0	53	
9: 704	330	214	0	2	1	0	45	
10: 705	336	220	0	2	1	0	45	
11: 706	339	223	0	1	1	0	20	
Minimal Distance:0.502062
Minimal Index:0
Result:RightHandUpToDownSwipe

NumberOfFeatureVectors: 14
NumberOfFeatures: 8
0: 733	352	49	0	-1	27	0	778	
1: 734	330	123	0	0	27	0	936	
2: 735	343	43	0	-1	30	0	1172	
3: 736	335	81	0	1	30	0	1448	
4: 737	340	34	0	1	34	0	1508	
5: 738	334	75	0	2	34	0	1717	
6: 739	337	34	0	2	38	0	1717	
7: 740	336	25	0	2	34	0	1690	
8: 741	336	18	0	1	9	0	1690	
9: 742	336	14	0	0	7	0	1690	
10: 743	336	12	0	0	7	0	1508	
11: 744	336	13	0	0	4	0	82	
12: 745	335	15	0	0	4	0	49	
13: 746	335	17	0	0	2	0	16	
Minimal Distance:0.319878
Minimal Index:1
Result:RightHandDownToUpSwipe

NumberOfFeatureVectors: 11
NumberOfFeatures: 8
0: 771	284	36	0	11	-1	0	148	
1: 772	252	16	0	12	-1	0	157	
2: 773	229	32	0	16	-2	0	260	
3: 774	193	30	0	23	0	0	576	
4: 775	166	27	0	24	2	0	612	
5: 777	157	33	0	24	2	0	612	
6: 777	156	35	0	24	2	0	612	
7: 778	155	39	0	24	0	0	612	
8: 779	155	41	0	23	-2	0	576	
9: 780	151	40	0	9	-2	0	117	
10: 781	155	41	0	4	-2	0	17	
Minimal Distance:0.567396
Minimal Index:2
Result:RightHandRightToLeftSwipe

NumberOfFeatureVectors: 11
NumberOfFeatures: 8
0: 803	265	36	0	-14	1	0	212	
1: 804	301	35	0	-14	1	0	221	
2: 805	329	34	0	-19	1	0	365	
3: 806	358	33	0	-20	1	0	409	
4: 807	377	30	0	-20	2	0	409	
5: 809	381	30	0	-20	1	0	409	
6: 809	392	29	0	-20	1	0	409	
7: 810	391	30	0	-19	1	0	370	
8: 811	391	30	0	-19	1	0	370	
9: 812	389	31	0	-11	1	0	122	
10: 813	386	32	0	-4	0	0	16	
Minimal Distance:0.552711
Minimal Index:3
Result:RightHandLeftToRightSwipe

NumberOfFeatureVectors: 10
NumberOfFeatures: 8
0: 848	216	27	0	24	0	0	576	
1: 849	198	41	0	24	-1	0	576	
2: 850	178	50	0	24	-2	0	576	
3: 851	163	58	0	24	-2	0	576	
4: 852	162	60	0	24	-2	0	576	
5: 853	153	61	0	20	-2	0	520	
6: 854	152	61	0	18	-2	0	481	
7: 855	151	61	0	15	-2	0	289	
8: 856	153	60	0	9	-2	0	82	
9: 857	155	58	0	1	-1	0	8	
Minimal Distance:0.706714
Minimal Index:2
Result:RightHandRightToLeftSwipe

NumberOfFeatureVectors: 12
NumberOfFeatures: 8
0: 881	272	83	0	-10	-5	0	149	
1: 882	304	107	0	-12	-6	0	169	
2: 884	352	142	0	-13	-7	0	205	
3: 884	378	168	0	-17	-14	0	485	
4: 885	406	191	0	-26	-18	0	1285	
5: 886	409	195	0	-26	-18	0	1285	
6: 887	423	205	0	-26	-18	0	1285	
7: 888	423	202	0	-26	-18	0	1285	
8: 889	427	204	0	-26	-18	0	1285	
9: 890	426	203	0	-14	-10	0	296	
10: 891	424	201	0	-4	-4	0	25	
11: 892	423	200	0	-3	-2	0	20	
Minimal Distance:0.412341
Minimal Index:4
Result:RightHandDiagonalUpperLeft2LowerRight

NumberOfFeatureVectors: 9
NumberOfFeatures: 8
0: 923	467	54	0	-4	18	0	373	
1: 924	469	30	0	-4	23	0	578	
2: 925	467	25	0	-4	23	0	578	
3: 927	466	18	0	-4	23	0	578	
4: 927	466	16	0	-4	23	0	578	
5: 928	465	16	0	-2	23	0	578	
6: 929	464	16	0	0	7	0	50	
7: 930	463	18	0	1	5	0	29	
8: 931	463	20	0	1	2	0	5	
Minimal Distance:0.888614
Minimal Index:1
Result:RightHandDownToUpSwipe

NumberOfFeatureVectors: 12
NumberOfFeatures: 8
0: 967	346	54	0	11	-4	0	157	
1: 968	293	93	0	12	-5	0	160	
2: 969	260	153	0	20	-6	0	425	
3: 970	242	169	0	20	-11	0	580	
4: 971	217	178	0	25	-11	0	706	
5: 972	205	176	0	25	-11	0	706	
6: 973	201	176	0	25	-11	0	706	
7: 974	198	175	0	25	-11	0	706	
8: 975	198	172	0	18	-9	0	580	
9: 976	202	169	0	12	0	0	148	
10: 978	203	168	0	4	1	0	25	
11: 978	205	167	0	3	1	0	16	
Minimal Distance:0.492485
Minimal Index:5
Result:RightHandDiagonalUpperRight2LowerLeft

NumberOfFeatureVectors: 62
NumberOfFeatures: 8
0: 1005	248	261	0	-2	-9	0	185	
1: 1006	261	256	0	-4	-5	0	185	
2: 1007	267	255	0	-6	-4	0	117	
3: 1008	266	253	0	-6	-2	0	41	
4: 1009	261	251	0	-4	1	0	37	
5: 1010	245	256	0	-1	1	0	37	
6: 1011	233	249	0	-1	2	0	37	
7: 1012	209	233	0	1	2	0	193	
8: 1013	199	228	0	5	5	0	193	
9: 1014	170	200	0	10	5	0	193	
10: 1015	149	182	0	12	5	0	193	
11: 1016	132	189	0	16	5	0	281	
12: 1017	107	163	0	17	7	0	338	
13: 1018	99	146	0	17	16	0	353	
14: 1019	90	135	0	17	16	0	353	
15: 1020	87	127	0	17	16	0	353	
16: 1021	84	117	0	10	11	0	338	
17: 1022	76	103	0	9	14	0	338	
18: 1023	73	98	0	8	11	0	260	
19: 1024	56	91	0	8	10	0	260	
20: 1025	36	93	0	8	10	0	260	
21: 1026	29	88	0	8	8	0	202	
22: 1027	-1	45	0	8	8	0	202	
23: 1028	2	49	0	7	7	0	109	
24: 1029	-11	32	0	8	7	0	260	
25: 1030	-27	-1	0	13	7	0	338	
26: 1031	-35	-17	0	13	7	0	338	
27: 1032	-35	-33	0	13	16	0	338	
28: 1033	-28	-47	0	8	16	0	320	
29: 1034	-83	32	0	8	16	0	320	
30: 1035	-115	107	0	13	16	0	458	
31: 1036	-145	153	0	13	14	0	458	
32: 1037	-149	159	0	13	14	0	458	
33: 1038	-150	155	0	8	4	0	320	
34: 1039	-147	125	0	4	4	0	320	
35: 1040	-145	117	0	1	4	0	256	
36: 1041	-142	111	0	1	4	0	245	
37: 1042	-140	106	0	1	4	0	68	
38: 1043	-137	102	0	-2	4	0	52	
39: 1044	-135	99	0	-2	4	0	45	
40: 1045	-134	97	0	-2	4	0	29	
41: 1046	-133	95	0	-2	4	0	25	
42: 1047	-133	88	0	-2	5	0	29	
43: 1048	-135	81	0	-2	5	0	29	
44: 1049	-136	74	0	-1	5	0	29	
45: 1050	-145	44	0	-1	5	0	29	
46: 1051	-149	33	0	0	7	0	49	
47: 1052	-151	27	0	1	7	0	49	
48: 1053	-152	23	0	1	7	0	49	
49: 1054	59	93	0	1	7	0	50	
50: 1055	127	122	0	1	7	0	53	
51: 1056	176	145	0	1	6	0	137	
52: 1057	159	143	0	1	4	0	293	
53: 1058	171	144	0	1	2	0	293	
54: 1059	170	144	0	1	0	0	145	
55: 1060	151	136	0	1	0	0	293	
56: 1061	127	134	0	1	0	0	425	
57: 1062	118	133	0	1	0	0	425	
58: 1063	115	134	0	3	0	0	293	
59: 1064	116	135	0	3	0	0	145	
60: 1066	117	136	0	3	0	0	82	
61: 1066	117	137	0	1	-1	0	10	
Minimal Distance:5.97468
Minimal Index:1
Result:RightHandDownToUpSwipe

NumberOfFeatureVectors: 9
NumberOfFeatures: 8
0: 183	405	152	0	-6	10	0	125	
1: 184	408	145	0	-6	10	0	125	
2: 185	410	141	0	-6	10	0	125	
3: 186	410	131	0	-5	10	0	125	
4: 187	411	127	0	-5	10	0	106	
5: 188	411	124	0	-3	9	0	100	
6: 189	410	122	0	-2	7	0	58	
7: 190	410	120	0	-1	4	0	20	
8: 191	408	118	0	0	4	0	17	
Minimal Distance:0.905776
Minimal Index:1
Result:RightHandDownToUpSwipe

NumberOfFeatureVectors: 9
NumberOfFeatures: 8
0: 216	207	85	0	23	4	0	578	
1: 217	205	87	0	23	1	0	578	
2: 218	204	89	0	15	-1	0	306	
3: 219	206	91	0	9	-2	0	82	
4: 220	211	93	0	3	-2	0	34	
5: 221	214	95	0	2	-2	0	29	
6: 222	216	96	0	1	-2	0	13	
7: 223	217	96	0	-1	-2	0	8	
8: 225	217	97	0	-1	-2	0	8	
Minimal Distance:0.964956
Minimal Index:5
Result:RightHandDiagonalUpperRight2LowerLeft

NumberOfFeatureVectors: 10
NumberOfFeatures: 8
0: 251	347	50	0	-6	0	0	360	
1: 252	372	49	0	-9	1	0	520	
2: 253	393	52	0	-21	0	0	520	
3: 254	399	60	0	-21	0	0	520	
4: 255	399	62	0	-21	0	0	520	
5: 256	400	64	0	-21	-2	0	520	
6: 257	400	64	0	-21	-2	0	450	
7: 258	395	64	0	-6	0	0	100	
8: 259	392	61	0	-1	0	0	25	
9: 260	390	60	0	0	0	0	18	
Minimal Distance:0.761147
Minimal Index:3
Result:RightHandLeftToRightSwipe

NumberOfFeatureVectors: 9
NumberOfFeatures: 8
0: 286	370	186	0	4	-11	0	157	
1: 287	370	219	0	1	-17	0	290	
2: 288	365	245	0	1	-26	0	701	
3: 289	363	248	0	1	-26	0	701	
4: 290	361	248	0	1	-26	0	701	
5: 291	361	249	0	0	-26	0	701	
6: 292	359	245	0	0	-26	0	701	
7: 293	358	235	0	1	-3	0	101	
8: 294	358	232	0	1	-1	0	20	
Minimal Distance:0.840421
Minimal Index:0
Result:RightHandUpToDownSwipe

NumberOfFeatureVectors: 32
NumberOfFeatures: 8
0: 315	203	106	0	9	13	0	250	
1: 316	190	145	0	9	6	0	250	
2: 317	188	159	0	7	5	0	200	
3: 318	192	220	0	2	2	0	200	
4: 319	268	282	0	-3	-2	0	200	
5: 320	334	299	0	-4	-14	0	200	
6: 321	342	300	0	-8	-14	0	200	
7: 322	348	310	0	-8	-14	0	200	
8: 323	346	299	0	-6	-14	0	200	
9: 324	294	310	0	-4	-14	0	1690	
10: 325	317	277	0	-6	-11	0	1618	
11: 326	325	268	0	-8	-10	0	1618	
12: 327	315	258	0	-8	-1	0	200	
13: 328	317	257	0	-6	1	0	145	
14: 330	318	257	0	-2	1	0	136	
15: 330	319	259	0	-1	1	0	136	
16: 331	300	279	0	-1	1	0	145	
17: 332	290	274	0	-1	1	0	145	
18: 333	281	275	0	-1	1	0	125	
19: 334	275	277	0	6	0	0	82	
20: 335	263	274	0	9	0	0	82	
21: 336	247	268	0	9	0	0	82	
22: 337	254	271	0	9	-1	0	82	
23: 338	250	268	0	9	-1	0	82	
24: 339	253	266	0	9	2	0	82	
25: 340	256	266	0	6	2	0	58	
26: 341	256	265	0	4	1	0	40	
27: 342	249	252	0	4	2	0	40	
28: 344	238	242	0	4	3	0	58	
29: 344	233	237	0	4	3	0	50	
30: 345	231	234	0	2	3	0	25	
31: 346	229	233	0	2	3	0	13	
Minimal Distance:2.4378
Minimal Index:1
Result:RightHandDownToUpSwipe

NumberOfFeatureVectors: 9
NumberOfFeatures: 8
0: 159	292	77	0	14	2	0	200	
1: 160	257	82	0	14	2	0	212	
2: 161	243	89	0	14	2	0	245	
3: 162	220	84	0	23	2	0	554	
4: 163	218	82	0	23	2	0	554	
5: 164	216	82	0	23	2	0	554	
6: 165	215	81	0	23	1	0	554	
7: 166	215	81	0	14	0	0	245	
8: 167	218	80	0	2	0	0	10	
Minimal Distance:0.818961
Minimal Index:2
Result:RightHandRightToLeftSwipe

NumberOfFeatureVectors: 10
NumberOfFeatures: 8
0: 225	296	49	0	-1	4	0	130	
1: 226	329	51	0	-5	4	0	149	
2: 227	365	46	0	-12	5	0	160	
3: 229	377	44	0	-12	4	0	160	
4: 229	389	47	0	-12	4	0	160	
5: 230	390	48	0	-12	4	0	160	
6: 231	391	49	0	-12	2	0	160	
7: 232	392	50	0	-12	-1	0	153	
8: 233	390	50	0	-12	-1	0	148	
9: 234	388	51	0	-1	-1	0	5	
Minimal Distance:0.78561
Minimal Index:3
Result:RightHandLeftToRightSwipe

NumberOfFeatureVectors: 17
NumberOfFeatures: 8
0: 271	295	73	0	10	-3	0	125	
1: 272	279	72	0	11	-3	0	137	
2: 273	262	78	0	16	-4	0	257	
3: 274	246	87	0	16	-5	0	298	
4: 275	231	94	0	16	-6	0	298	
5: 276	216	98	0	16	-6	0	298	
6: 277	175	93	0	16	-6	0	305	
7: 278	137	89	0	16	-4	0	305	
8: 279	95	85	0	16	-4	0	325	
9: 280	60	81	0	17	1	0	337	
10: 281	59	80	0	17	1	0	337	
11: 282	57	80	0	16	1	0	337	
12: 283	34	79	0	23	1	0	530	
13: 284	25	75	0	23	4	0	530	
14: 285	24	72	0	23	4	0	530	
15: 286	21	71	0	9	3	0	97	
16: 287	17	69	0	4	2	0	20	
Minimal Distance:0.447769
Minimal Index:2
Result:RightHandRightToLeftSwipe

NumberOfFeatureVectors: 9
NumberOfFeatures: 8
0: 355	51	52	0	0	2	0	293	
1: 356	61	55	0	-7	1	0	293	
2: 357	66	58	0	-7	1	0	109	
3: 358	68	60	0	-7	-2	0	98	
4: 359	67	61	0	-7	-2	0	98	
5: 360	64	62	0	-7	-2	0	98	
6: 361	60	62	0	-5	-2	0	34	
7: 362	57	62	0	-2	-2	0	16	
8: 363	54	62	0	1	-1	0	10	
Minimal Distance:0.942743
Minimal Index:3
Result:RightHandLeftToRightSwipe

NumberOfFeatureVectors: 24
NumberOfFeatures: 8
0: 536	226	21	0	1	16	0	293	
1: 538	253	63	0	-2	16	0	425	
2: 538	266	70	0	-13	16	0	425	
3: 539	271	79	0	-13	16	0	425	
4: 540	280	80	0	-13	16	0	425	
5: 541	283	71	0	-13	9	0	293	
6: 543	286	70	0	-13	1	0	218	
7: 543	287	69	0	-9	1	0	106	
8: 544	278	152	0	-5	-1	0	106	
9: 545	280	161	0	-3	-7	0	90	
10: 546	280	163	0	-3	-2	0	85	
11: 547	286	156	0	-3	-1	0	85	
12: 548	292	155	0	-3	1	0	82	
13: 549	306	155	0	-3	1	0	85	
14: 550	318	154	0	-3	1	0	85	
15: 551	327	151	0	-6	1	0	85	
16: 552	336	151	0	-6	0	0	85	
17: 553	340	152	0	-6	0	0	85	
18: 554	343	153	0	-6	0	0	81	
19: 555	347	161	0	-6	0	0	81	
20: 556	349	164	0	-6	0	0	80	
21: 557	350	169	0	-4	-1	0	80	
22: 558	351	171	0	-4	-1	0	26	
23: 559	351	173	0	-3	-2	0	17	
Minimal Distance:1.44526
Minimal Index:4
Result:RightHandDiagonalUpperLeft2LowerRight

NumberOfFeatureVectors: 13
NumberOfFeatures: 8
0: 597	275	12	0	13	4	0	185	
1: 599	282	25	0	13	4	0	218	
2: 599	261	24	0	13	4	0	218	
3: 600	253	33	0	13	4	0	218	
4: 601	228	38	0	14	4	0	245	
5: 602	214	41	0	14	1	0	218	
6: 603	224	44	0	14	-3	0	218	
7: 604	228	46	0	14	-3	0	218	
8: 605	233	46	0	8	-3	0	205	
9: 606	237	46	0	-4	-3	0	145	
10: 607	239	46	0	-2	-2	0	109	
11: 608	241	45	0	-2	-2	0	25	
12: 609	242	44	0	-2	0	0	20	
Minimal Distance:0.652478
Minimal Index:2
Result:RightHandRightToLeftSwipe

NumberOfFeatureVectors: 9
NumberOfFeatures: 8
0: 641	372	15	0	-10	0	0	148	
1: 642	373	20	0	-10	0	0	148	
2: 643	373	23	0	-10	0	0	148	
3: 644	372	26	0	-10	-2	0	148	
4: 645	368	29	0	-10	-3	0	148	
5: 646	365	31	0	-1	-3	0	26	
6: 647	363	31	0	0	-3	0	25	
7: 648	362	31	0	1	-3	0	13	
8: 649	364	23	0	1	-3	0	13	
Minimal Distance:0.915887
Minimal Index:4
Result:RightHandDiagonalUpperLeft2LowerRight

NumberOfFeatureVectors: 28
NumberOfFeatures: 8
0: 672	237	157	0	5	-10	0	125	
1: 673	233	155	0	4	-8	0	80	
2: 674	217	149	0	4	-3	0	80	
3: 675	206	144	0	4	-3	0	80	
4: 676	187	142	0	4	0	0	80	
5: 677	159	148	0	4	0	0	80	
6: 678	165	131	0	4	2	0	146	
7: 679	151	125	0	11	2	0	232	
8: 680	136	118	0	14	5	0	274	
9: 681	138	108	0	14	6	0	274	
10: 682	130	103	0	14	6	0	274	
11: 683	125	104	0	11	5	0	232	
12: 684	114	117	0	11	5	0	274	
13: 685	111	124	0	8	5	0	232	
14: 686	111	128	0	5	5	0	104	
15: 687	111	131	0	5	-1	0	89	
16: 688	113	116	0	3	-1	0	89	
17: 689	121	102	0	0	-1	0	89	
18: 690	119	122	0	2	-3	0	89	
19: 691	109	136	0	2	-4	0	229	
20: 692	107	141	0	2	-5	0	229	
21: 693	100	145	0	2	-4	0	65	
22: 694	96	146	0	2	-4	0	65	
23: 695	90	145	0	2	-3	0	65	
24: 696	87	144	0	3	-1	0	65	
25: 697	83	143	0	4	-1	0	37	
26: 698	80	143	0	4	-1	0	29	
27: 699	78	142	0	4	0	0	17	
Minimal Distance:1.89422
Minimal Index:5
Result:RightHandDiagonalUpperRight2LowerLeft

NumberOfFeatureVectors: 14
NumberOfFeatures: 8
0: 741	234	188	0	-4	-2	0	212	
1: 742	220	198	0	-4	-3	0	296	
2: 743	221	197	0	-4	-3	0	296	
3: 744	211	207	0	-1	-3	0	212	
4: 745	204	217	0	-1	-3	0	200	
5: 746	218	200	0	-1	-3	0	200	
6: 747	226	190	0	-1	-3	0	164	
7: 748	230	186	0	-1	-2	0	164	
8: 749	232	184	0	-1	1	0	164	
9: 750	233	182	0	-1	2	0	149	
10: 751	219	194	0	-1	2	0	149	
11: 752	221	190	0	-2	2	0	149	
12: 753	223	187	0	-2	3	0	32	
13: 754	225	185	0	-2	3	0	20	
Minimal Distance:0.604356
Minimal Index:3
Result:RightHandLeftToRightSwipe

NumberOfFeatureVectors: 9
NumberOfFeatures: 8
0: 181	374	119	0	-5	8	0	122	
1: 184	378	111	0	-4	8	0	80	
2: 185	381	103	0	-4	8	0	80	
3: 185	383	97	0	-4	8	0	73	
4: 186	384	94	0	-3	8	0	73	
5: 187	385	92	0	-3	8	0	73	
6: 188	385	90	0	-3	6	0	45	
7: 189	385	88	0	-2	6	0	40	
8: 190	385	87	0	-1	3	0	10	
Minimal Distance:0.910791
Minimal Index:1
Result:RightHandDownToUpSwipe

NumberOfFeatureVectors: 11
NumberOfFeatures: 8
0: 277	340	67	0	-7	2	0	125	
1: 278	361	68	0	-10	2	0	170	
2: 279	383	68	0	-16	2	0	292	
3: 280	402	69	0	-19	1	0	362	
4: 281	407	72	0	-19	1	0	362	
5: 282	413	74	0	-19	0	0	362	
6: 283	413	76	0	-19	-1	0	362	
7: 284	412	77	0	-19	-1	0	362	
8: 285	411	77	0	-6	-1	0	40	
9: 286	409	76	0	-5	-1	0	34	
10: 287	407	75	0	0	-1	0	5	
Minimal Distance:0.620392
Minimal Index:3
Result:RightHandLeftToRightSwipe

NumberOfFeatureVectors: 17
NumberOfFeatures: 8
0: 329	304	14	0	11	4	0	212	
1: 330	284	4	0	14	4	0	221	
2: 331	246	-1	0	15	5	0	241	
3: 332	214	28	0	20	5	0	500	
4: 333	195	43	0	20	5	0	586	
5: 334	188	52	0	20	5	0	586	
6: 335	185	56	0	20	5	0	586	
7: 336	211	70	0	20	-4	0	769	
8: 337	209	76	0	19	-6	0	586	
9: 338	215	80	0	7	-6	0	500	
10: 339	229	91	0	3	-9	0	317	
11: 340	236	95	0	2	-9	0	130	
12: 341	239	98	0	-3	-6	0	65	
13: 342	240	98	0	-3	-4	0	52	
14: 343	239	97	0	-3	-4	0	40	
15: 344	238	95	0	-3	-4	0	40	
16: 345	236	94	0	-1	-3	0	18	
Minimal Distance:0.671373
Minimal Index:5
Result:RightHandDiagonalUpperRight2LowerLeft

NumberOfFeatureVectors: 10
NumberOfFeatures: 8
0: 436	233	85	0	18	0	0	325	
1: 436	227	98	0	18	-1	0	325	
2: 437	230	107	0	18	-1	0	325	
3: 438	220	111	0	18	-1	0	325	
4: 439	227	110	0	18	-1	0	325	
5: 440	227	110	0	10	-1	0	205	
6: 441	229	108	0	6	0	0	116	
7: 443	230	107	0	0	0	0	90	
8: 443	231	106	0	-1	1	0	50	
9: 444	232	105	0	-1	1	0	8	
Minimal Distance:0.844349
Minimal Index:2
Result:RightHandRightToLeftSwipe

NumberOfFeatureVectors: 9
NumberOfFeatures: 8
0: 485	257	8	0	-4	7	0	122	
1: 486	259	5	0	-2	7	0	122	
2: 487	261	3	0	-2	7	0	122	
3: 488	264	2	0	-2	7	0	101	
4: 489	266	3	0	-2	7	0	74	
5: 490	268	8	0	-2	3	0	29	
6: 491	272	13	0	-2	2	0	29	
7: 492	274	16	0	-2	1	0	13	
8: 493	278	24	0	-2	-1	0	13	
Minimal Distance:0.997801
Minimal Index:1
Result:RightHandDownToUpSwipe

NumberOfFeatureVectors: 9
NumberOfFeatures: 8
0: 670	320	193	0	-1	-15	0	226	
1: 671	321	197	0	-1	-15	0	226	
2: 672	321	198	0	-1	-15	0	226	
3: 673	320	198	0	-1	-15	0	226	
4: 674	320	197	0	0	-15	0	226	
5: 675	320	192	0	0	-4	0	25	
6: 676	319	189	0	0	-1	0	17	
7: 677	319	187	0	0	0	0	10	
8: 678	320	183	0	0	1	0	10	
Minimal Distance:0.918317
Minimal Index:0
Result:RightHandUpToDownSwipe

NumberOfFeatureVectors: 9
NumberOfFeatures: 8
0: 770	330	175	0	-1	-16	0	272	
1: 771	327	193	0	-1	-18	0	333	
2: 772	326	206	0	-1	-18	0	333	
3: 773	325	207	0	-1	-18	0	333	
4: 774	325	208	0	0	-18	0	333	
5: 775	325	208	0	0	-18	0	333	
6: 776	325	205	0	0	-13	0	170	
7: 777	325	202	0	0	-1	0	9	
8: 778	325	199	0	0	-1	0	9	
Minimal Distance:0.852133
Minimal Index:0
Result:RightHandUpToDownSwipe

NumberOfFeatureVectors: 11
NumberOfFeatures: 8
0: 840	283	62	0	12	2	0	148	
1: 841	273	62	0	12	2	0	148	
2: 842	268	62	0	12	2	0	148	
3: 843	262	63	0	12	1	0	148	
4: 844	259	63	0	10	0	0	116	
5: 845	244	65	0	12	0	0	148	
6: 846	239	66	0	10	0	0	100	
7: 847	235	68	0	6	-1	0	37	
8: 848	232	69	0	5	-1	0	26	
9: 849	231	69	0	5	-1	0	25	
10: 850	231	70	0	4	-1	0	20	
Minimal Distance:0.588269
Minimal Index:2
Result:RightHandRightToLeftSwipe

NumberOfFeatureVectors: 9
NumberOfFeatures: 8
0: 889	339	68	0	-16	-1	0	337	
1: 891	359	67	0	-19	-1	0	362	
2: 891	361	64	0	-19	-1	0	362	
3: 892	364	63	0	-19	-1	0	362	
4: 893	366	63	0	-16	0	0	337	
5: 894	368	63	0	-6	0	0	36	
6: 895	367	62	0	-3	0	0	13	
7: 897	365	62	0	-2	0	0	10	
8: 898	364	61	0	-2	1	0	4	
Minimal Distance:0.825174
Minimal Index:3
Result:RightHandLeftToRightSwipe

NumberOfFeatureVectors: 9
NumberOfFeatures: 8
0: 964	367	70	0	-12	-1	0	148	
1: 965	374	71	0	-12	-1	0	148	
2: 966	384	71	0	-12	-1	0	148	
3: 967	388	71	0	-10	-1	0	100	
4: 968	390	72	0	-10	-1	0	100	
5: 969	391	73	0	-7	-1	0	50	
6: 970	390	73	0	-7	-1	0	49	
7: 971	389	74	0	-4	-1	0	16	
8: 972	388	75	0	-2	-1	0	5	
Minimal Distance:0.81943
Minimal Index:3
Result:RightHandLeftToRightSwipe

NumberOfFeatureVectors: 20
NumberOfFeatures: 8
0: 1050	140	92	0	10	7	0	181	
1: 1051	99	100	0	10	7	0	250	
2: 1052	78	101	0	10	7	0	442	
3: 1054	64	96	0	14	7	0	442	
4: 1055	61	81	0	14	9	0	442	
5: 1056	54	75	0	14	9	0	442	
6: 1056	52	71	0	10	6	0	234	
7: 1057	52	68	0	10	5	0	221	
8: 1058	54	66	0	7	4	0	181	
9: 1059	30	64	0	7	3	0	221	
10: 1060	9	62	0	7	3	0	221	
11: 1061	-29	63	0	7	3	0	221	
12: 1062	-41	59	0	7	3	0	160	
13: 1063	-65	56	0	12	3	0	160	
14: 1064	-64	55	0	12	2	0	160	
15: 1065	-57	56	0	12	2	0	160	
16: 1066	-54	54	0	12	2	0	160	
17: 1067	-52	53	0	12	2	0	160	
18: 1069	-52	52	0	0	1	0	50	
19: 1069	-52	51	0	0	1	0	13	
Minimal Distance:0.854498
Minimal Index:2
Result:RightHandRightToLeftSwipe

NumberOfFeatureVectors: 11
NumberOfFeatures: 8
0: 105	252	98	0	19	2	0	365	
1: 107	236	96	0	19	2	0	365	
2: 107	220	85	0	19	2	0	377	
3: 108	230	78	0	19	3	0	377	
4: 109	239	82	0	16	3	0	377	
5: 110	234	76	0	16	5	0	377	
6: 111	237	76	0	16	5	0	260	
7: 112	240	76	0	5	5	0	149	
8: 113	241	76	0	-1	2	0	97	
9: 114	243	76	0	-2	0	0	61	
10: 115	244	77	0	-2	0	0	9	
Minimal Distance:0.758316
Minimal Index:2
Result:RightHandRightToLeftSwipe

NumberOfFeatureVectors: 10
NumberOfFeatures: 8
0: 154	394	64	0	-22	6	0	520	
1: 155	426	63	0	-26	6	0	730	
2: 156	428	70	0	-26	6	0	730	
3: 157	434	73	0	-26	1	0	730	
4: 159	447	71	0	-26	1	0	730	
5: 159	447	71	0	-22	1	0	520	
6: 160	448	71	0	-13	0	0	173	
7: 161	447	70	0	-6	0	0	53	
8: 162	445	70	0	-2	0	0	45	
9: 163	443	69	0	-1	0	0	5	
Minimal Distance:0.708519
Minimal Index:3
Result:RightHandLeftToRightSwipe

NumberOfFeatureVectors: 30
NumberOfFeatures: 8
0: 192	327	142	0	-1	7	0	221	
1: 193	313	153	0	3	7	0	257	
2: 194	297	161	0	5	6	0	317	
3: 195	288	166	0	7	6	0	317	
4: 196	267	167	0	9	-1	0	317	
5: 197	231	184	0	14	-5	0	320	
6: 198	216	177	0	15	-5	0	320	
7: 199	205	177	0	15	-5	0	320	
8: 200	197	177	0	15	-1	0	317	
9: 202	182	170	0	15	-1	0	274	
10: 202	170	160	0	15	0	0	274	
11: 203	179	166	0	12	0	0	244	
12: 204	162	200	0	15	0	0	274	
13: 205	140	244	0	15	0	0	274	
14: 206	135	290	0	12	0	0	274	
15: 207	138	298	0	11	-6	0	244	
16: 208	143	293	0	8	-6	0	244	
17: 209	161	335	0	5	-8	0	274	
18: 210	178	341	0	-3	-8	0	325	
19: 211	195	344	0	-5	-8	0	325	
20: 212	200	346	0	-5	-8	0	325	
21: 213	204	348	0	-5	-6	0	298	
22: 214	203	346	0	-5	-3	0	73	
23: 215	199	343	0	-5	-2	0	50	
24: 216	189	323	0	-5	-2	0	50	
25: 217	184	313	0	-4	-2	0	125	
26: 218	182	309	0	1	2	0	29	
27: 219	180	306	0	2	3	0	25	
28: 220	184	310	0	2	3	0	25	
29: 221	187	312	0	2	3	0	20	
Minimal Distance:2.14685
Minimal Index:2
Result:RightHandRightToLeftSwipe

NumberOfFeatureVectors: 19
NumberOfFeatures: 8
0: 259	276	196	0	-7	-11	0	170	
1: 260	285	203	0	-9	-11	0	170	
2: 261	292	208	0	-9	-11	0	170	
3: 262	295	210	0	-9	-11	0	170	
4: 263	299	210	0	-9	-11	0	170	
5: 264	304	208	0	-7	-7	0	130	
6: 265	312	195	0	-8	-5	0	130	
7: 266	317	183	0	-7	-2	0	130	
8: 267	326	166	0	-7	0	0	130	
9: 268	331	153	0	-5	2	0	130	
10: 269	335	146	0	-5	7	0	74	
11: 270	341	134	0	-5	12	0	169	
12: 271	344	128	0	-5	12	0	169	
13: 272	346	125	0	-5	12	0	169	
14: 273	349	121	0	-5	12	0	169	
15: 274	350	118	0	-4	7	0	65	
16: 275	351	117	0	-3	6	0	45	
17: 276	352	115	0	-3	4	0	25	
18: 277	352	114	0	-2	3	0	13	
Minimal Distance:0.900108
Minimal Index:3
Result:RightHandLeftToRightSwipe

NumberOfFeatureVectors: 22
NumberOfFeatures: 8
0: 305	247	153	0	0	1	0	130	
1: 306	265	172	0	0	1	0	130	
2: 307	282	184	0	-3	-11	0	194	
3: 308	292	192	0	-5	-11	0	194	
4: 309	303	201	0	-10	-11	0	194	
5: 310	309	206	0	-10	-11	0	194	
6: 311	321	212	0	-11	-11	0	194	
7: 312	326	215	0	-11	-9	0	194	
8: 313	331	217	0	-11	-8	0	180	
9: 314	334	218	0	-10	-6	0	164	
10: 315	346	223	0	-10	-5	0	164	
11: 316	352	224	0	-6	-5	0	61	
12: 317	358	225	0	-6	-3	0	37	
13: 318	366	231	0	-6	-3	0	37	
14: 319	374	243	0	-6	-3	0	37	
15: 320	377	250	0	-6	-3	0	37	
16: 321	378	252	0	-6	-2	0	37	
17: 322	380	256	0	-6	-4	0	37	
18: 323	374	253	0	-6	-4	0	45	
19: 324	375	255	0	-3	-2	0	37	
20: 325	376	256	0	-2	-2	0	37	
21: 326	376	257	0	-1	-2	0	20	
Minimal Distance:0.97904
Minimal Index:4
Result:RightHandDiagonalUpperLeft2LowerRight

NumberOfFeatureVectors: 15
NumberOfFeatures: 8
0: 401	157	235	0	5	8	0	340	
1: 402	123	244	0	12	8	0	340	
2: 403	109	247	0	14	8	0	340	
3: 404	107	287	0	14	8	0	388	
4: 405	107	306	0	12	4	0	361	
5: 406	109	315	0	5	-3	0	340	
6: 407	62	256	0	12	-3	0	361	
7: 408	46	250	0	14	-3	0	361	
8: 409	34	232	0	14	-3	0	468	
9: 410	32	229	0	12	-3	0	361	
10: 411	25	230	0	7	-1	0	292	
11: 412	27	231	0	2	-1	0	292	
12: 413	29	233	0	2	-1	0	85	
13: 414	31	235	0	2	-1	0	50	
14: 415	32	236	0	2	-1	0	13	
Minimal Distance:0.31853
Minimal Index:2
Result:RightHandRightToLeftSwipe

NumberOfFeatureVectors: 16
NumberOfFeatures: 8
0: 185	254	101	0	12	2	0	232	
1: 186	245	112	0	12	2	0	232	
2: 187	230	115	0	14	2	0	234	
3: 188	211	111	0	15	3	0	373	
4: 189	205	111	0	15	2	0	373	
5: 190	209	108	0	15	2	0	234	
6: 191	223	121	0	14	0	0	234	
7: 192	234	128	0	9	0	0	232	
8: 193	241	131	0	6	-3	0	202	
9: 194	244	133	0	-3	-3	0	170	
10: 195	245	133	0	-3	-2	0	58	
11: 196	245	132	0	-3	0	0	36	
12: 197	234	118	0	-3	0	0	36	
13: 199	231	114	0	-3	0	0	25	
14: 199	229	111	0	-1	0	0	25	
15: 200	227	109	0	0	1	0	13	
Minimal Distance:0.755502
Minimal Index:2
Result:RightHandRightToLeftSwipe

NumberOfFeatureVectors: 30
NumberOfFeatures: 8
0: 298	253	101	0	12	-1	0	144	
1: 299	234	92	0	12	0	0	169	
2: 300	222	89	0	12	0	0	169	
3: 301	244	110	0	12	0	0	173	
4: 302	232	106	0	12	2	0	173	
5: 303	233	109	0	12	2	0	169	
6: 304	230	112	0	12	2	0	160	
7: 305	215	102	0	12	2	0	160	
8: 306	205	98	0	12	3	0	160	
9: 307	200	95	0	10	3	0	153	
10: 308	197	94	0	5	3	0	116	
11: 309	196	94	0	3	1	0	34	
12: 310	218	114	0	3	1	0	34	
13: 311	209	103	0	3	1	0	34	
14: 312	221	104	0	3	1	0	116	
15: 313	231	101	0	3	3	0	116	
16: 314	238	94	0	1	3	0	109	
17: 315	247	86	0	-7	3	0	109	
18: 316	272	76	0	-9	3	0	145	
19: 317	298	71	0	-10	5	0	145	
20: 318	321	74	0	-12	5	0	202	
21: 319	340	70	0	-12	5	0	202	
22: 320	363	72	0	-19	4	0	377	
23: 321	369	74	0	-19	4	0	377	
24: 322	374	76	0	-19	4	0	377	
25: 323	376	76	0	-19	0	0	377	
26: 324	376	78	0	-19	-2	0	377	
27: 325	375	79	0	-6	-2	0	40	
28: 326	373	80	0	-5	-2	0	29	
29: 327	371	80	0	-2	-1	0	5	
Minimal Distance:2.13133
Minimal Index:2
Result:RightHandRightToLeftSwipe

NumberOfFeatureVectors: 9
NumberOfFeatures: 8
0: 387	276	86	0	10	0	0	122	
1: 388	273	85	0	10	1	0	122	
2: 389	265	87	0	9	1	0	81	
3: 390	260	89	0	8	1	0	68	
4: 391	248	90	0	8	1	0	68	
5: 392	244	92	0	8	0	0	68	
6: 393	240	94	0	5	-1	0	29	
7: 394	237	96	0	5	-2	0	29	
8: 395	236	98	0	4	-2	0	20	
Minimal Distance:0.837873
Minimal Index:2
Result:RightHandRightToLeftSwipe

NumberOfFeatureVectors: 12
NumberOfFeatures: 8
0: 558	305	65	0	-8	4	0	208	
1: 559	324	64	0	-17	4	0	362	
2: 560	344	66	0	-18	4	0	404	
3: 561	361	67	0	-18	4	0	404	
4: 562	372	74	0	-18	2	0	404	
5: 563	378	78	0	-18	1	0	404	
6: 564	385	79	0	-18	-1	0	362	
7: 565	389	81	0	-17	-1	0	290	
8: 566	390	82	0	-11	-1	0	170	
9: 567	390	83	0	-7	-1	0	52	
10: 568	390	84	0	-6	-1	0	50	
11: 570	390	84	0	-4	-1	0	20	
Minimal Distance:0.451754
Minimal Index:3
Result:RightHandLeftToRightSwipe

NumberOfFeatureVectors: 11
NumberOfFeatures: 8
0: 645	329	74	0	-12	2	0	153	
1: 646	351	74	0	-14	1	0	197	
2: 647	372	74	0	-15	1	0	226	
3: 648	387	75	0	-15	0	0	226	
4: 649	389	79	0	-15	0	0	226	
5: 650	393	82	0	-15	0	0	226	
6: 651	401	82	0	-15	0	0	226	
7: 652	402	82	0	-14	0	0	197	
8: 653	402	83	0	-8	0	0	64	
9: 654	399	84	0	-4	-1	0	25	
10: 655	398	85	0	-2	-1	0	20	
Minimal Distance:0.571065
Minimal Index:3
Result:RightHandLeftToRightSwipe

NumberOfFeatureVectors: 13
NumberOfFeatures: 8
0: 727	261	43	0	13	-4	0	185	
1: 727	247	35	0	14	-1	0	260	
2: 728	250	44	0	14	-4	0	260	
3: 729	257	80	0	14	-5	0	260	
4: 730	259	96	0	14	-8	0	260	
5: 731	259	102	0	14	-8	0	260	
6: 732	259	106	0	0	-6	0	260	
7: 733	257	106	0	0	-5	0	260	
8: 734	252	101	0	0	-4	0	90	
9: 735	249	97	0	0	-4	0	50	
10: 736	247	94	0	0	-4	0	36	
11: 737	245	92	0	2	0	0	25	
12: 738	243	91	0	2	1	0	16	
Minimal Distance:0.494312
Minimal Index:5
Result:RightHandDiagonalUpperRight2LowerLeft

NumberOfFeatureVectors: 27
NumberOfFeatures: 8
0: 783	70	105	0	15	5	0	450	
1: 784	77	70	0	10	5	0	450	
2: 785	117	104	0	10	3	0	521	
3: 786	131	107	0	10	3	0	450	
4: 787	172	91	0	2	5	0	450	
5: 788	182	87	0	-7	5	0	450	
6: 789	185	84	0	-7	4	0	205	
7: 790	182	82	0	-7	3	0	200	
8: 791	186	79	0	-7	3	0	200	
9: 792	187	76	0	-7	3	0	116	
10: 793	178	69	0	-4	3	0	116	
11: 794	172	68	0	-3	3	0	37	
12: 795	167	67	0	-1	3	0	26	
13: 796	173	92	0	-1	3	0	26	
14: 797	172	93	0	1	2	0	25	
15: 798	164	78	0	3	2	0	26	
16: 799	161	74	0	3	3	0	26	
17: 800	161	97	0	3	1	0	37	
18: 801	160	107	0	3	1	0	101	
19: 802	160	114	0	1	-1	0	49	
20: 803	169	124	0	1	-7	0	101	
21: 804	173	129	0	0	-7	0	101	
22: 805	176	132	0	0	-5	0	49	
23: 806	178	133	0	0	-5	0	49	
24: 807	180	134	0	-2	-5	0	41	
25: 808	181	134	0	-2	-5	0	41	
26: 809	182	133	0	-2	-3	0	18	
Minimal Distance:1.90765
Minimal Index:1
Result:RightHandDownToUpSwipe

NumberOfFeatureVectors: 40
NumberOfFeatures: 8
0: 872	228	58	0	-7	3	0	202	
1: 873	223	29	0	-3	3	0	202	
2: 874	138	65	0	2	0	0	208	
3: 875	154	47	0	2	0	0	290	
4: 876	153	48	0	2	-1	0	290	
5: 878	157	50	0	1	-1	0	290	
6: 878	164	53	0	-4	-2	0	290	
7: 879	170	55	0	-4	-2	0	113	
8: 880	218	94	0	-4	-2	0	580	
9: 881	241	113	0	-6	-2	0	580	
10: 882	254	124	0	-7	-3	0	290	
11: 883	261	130	0	-7	-3	0	85	
12: 884	197	72	0	-7	-3	0	85	
13: 885	186	58	0	-7	-3	0	290	
14: 887	171	44	0	-7	-3	0	317	
15: 887	166	40	0	-6	-2	0	317	
16: 888	166	41	0	0	-1	0	317	
17: 889	168	44	0	0	-1	0	290	
18: 890	171	48	0	0	-1	0	85	
19: 891	174	51	0	0	-1	0	41	
20: 892	176	53	0	0	-1	0	25	
21: 893	173	76	0	0	-2	0	25	
22: 894	198	122	0	-2	-3	0	25	
23: 895	214	148	0	-2	-3	0	25	
24: 896	229	118	0	-3	-3	0	25	
25: 897	238	110	0	-3	-3	0	145	
26: 898	195	69	0	-3	-3	0	538	
27: 899	197	22	0	-3	-2	0	932	
28: 900	193	-4	0	-2	8	0	932	
29: 901	180	19	0	-2	8	0	932	
30: 902	207	58	0	-9	8	0	1125	
31: 903	220	79	0	-9	8	0	932	
32: 904	226	89	0	-6	8	0	698	
33: 905	229	94	0	-3	-5	0	692	
34: 906	232	98	0	-3	-5	0	692	
35: 907	233	99	0	-3	-5	0	610	
36: 908	233	100	0	-3	-5	0	136	
37: 909	232	98	0	-3	-5	0	34	
38: 910	231	96	0	-3	-4	0	25	
39: 911	230	94	0	-1	-1	0	5	
Minimal Distance:3.38649
Minimal Index:4
Result:RightHandDiagonalUpperLeft2LowerRight

NumberOfFeatureVectors: 10
NumberOfFeatures: 8
0: 84	251	69	0	13	5	0	394	
1: 85	235	88	0	16	5	0	416	
2: 86	219	88	0	16	5	0	416	
3: 87	228	104	0	16	4	0	416	
4: 88	235	105	0	16	0	0	416	
5: 89	238	107	0	16	-1	0	416	
6: 90	237	109	0	16	-1	0	337	
7: 91	237	110	0	1	-1	0	256	
8: 92	240	111	0	0	-1	0	50	
9: 93	241	111	0	-1	-1	0	13	
Minimal Distance:0.849844
Minimal Index:2
Result:RightHandRightToLeftSwipe

NumberOfFeatureVectors: 10
NumberOfFeatures: 8
0: 179	280	70	0	14	3	0	212	
1: 180	256	93	0	16	3	0	292	
2: 181	242	101	0	16	3	0	292	
3: 182	233	109	0	16	3	0	292	
4: 183	227	113	0	16	2	0	292	
5: 184	227	115	0	14	-2	0	260	
6: 185	227	116	0	14	-2	0	212	
7: 186	228	116	0	9	-2	0	145	
8: 187	230	115	0	6	-2	0	52	
9: 188	232	114	0	0	-2	0	5	
Minimal Distance:0.729548
Minimal Index:2
Result:RightHandRightToLeftSwipe

NumberOfFeatureVectors: 10
NumberOfFeatures: 8
0: 241	-64	55	0	3	0	0	221	
1: 242	-62	39	0	3	0	0	221	
2: 243	-61	29	0	3	1	0	104	
3: 244	-60	22	0	3	7	0	101	
4: 245	-60	18	0	3	7	0	101	
5: 246	-60	15	0	0	7	0	101	
6: 247	-60	10	0	0	7	0	101	
7: 248	-61	6	0	0	5	0	50	
8: 249	-62	2	0	0	4	0	25	
9: 250	-64	-1	0	0	4	0	17	
Minimal Distance:0.929484
Minimal Index:2
Result:RightHandRightToLeftSwipe

NumberOfFeatureVectors: 18
NumberOfFeatures: 8
0: 52	301	143	0	8	7	0	122	
1: 53	292	133	0	8	10	0	125	
2: 54	273	119	0	9	11	0	130	
3: 55	260	107	0	9	11	0	181	
4: 56	251	95	0	9	12	0	225	
5: 57	247	87	0	9	12	0	225	
6: 58	240	74	0	9	12	0	225	
7: 59	230	61	0	9	13	0	233	
8: 60	228	55	0	9	12	0	225	
9: 61	226	50	0	9	12	0	218	
10: 62	226	45	0	7	12	0	218	
11: 63	225	42	0	4	8	0	80	
12: 64	221	38	0	4	6	0	40	
13: 65	219	36	0	2	5	0	32	
14: 66	217	34	0	2	5	0	29	
15: 67	210	30	0	2	4	0	29	
16: 68	208	28	0	2	4	0	25	
17: 69	206	26	0	2	3	0	10	
Minimal Distance:0.587576
Minimal Index:1
Result:RightHandDownToUpSwipe

NumberOfFeatureVectors: 13
NumberOfFeatures: 8
0: 187	370	97	0	3	8	0	148	
1: 188	371	77	0	3	12	0	160	
2: 189	369	57	0	3	14	0	212	
3: 190	364	45	0	4	14	0	212	
4: 191	360	39	0	4	14	0	212	
5: 192	356	29	0	4	14	0	212	
6: 193	355	22	0	4	14	0	212	
7: 194	353	17	0	2	12	0	169	
8: 195	351	14	0	2	10	0	116	
9: 196	350	12	0	2	7	0	52	
10: 197	348	11	0	2	6	0	50	
11: 198	347	10	0	2	5	0	29	
12: 199	346	10	0	2	3	0	13	
Minimal Distance:0.449331
Minimal Index:1
Result:RightHandDownToUpSwipe

NumberOfFeatureVectors: 12
NumberOfFeatures: 8
0: 347	370	95	0	-2	13	0	205	
1: 348	369	62	0	-2	17	0	289	
2: 349	369	36	0	-2	19	0	365	
3: 350	369	15	0	0	21	0	441	
4: 351	369	-1	0	0	21	0	441	
5: 352	361	11	0	0	21	0	441	
6: 353	358	13	0	0	21	0	441	
7: 354	355	17	0	1	21	0	441	
8: 355	352	20	0	1	16	0	256	
9: 356	351	23	0	1	-2	0	208	
10: 357	350	25	0	1	-2	0	25	
11: 358	349	26	0	1	-2	0	18	
Minimal Distance:0.69284
Minimal Index:1
Result:RightHandDownToUpSwipe

NumberOfFeatureVectors: 12
NumberOfFeatures: 8
0: 445	366	97	0	0	-2	0	125	
1: 446	378	145	0	-5	-10	0	137	
2: 447	372	166	0	-5	-21	0	466	
3: 448	367	193	0	-5	-21	0	477	
4: 450	350	174	0	-5	-21	0	650	
5: 450	355	164	0	-5	-21	0	650	
6: 451	348	158	0	-5	-21	0	650	
7: 452	349	157	0	-1	-21	0	650	
8: 453	348	158	0	1	-1	0	477	
9: 454	348	155	0	1	1	0	125	
10: 455	345	152	0	3	3	0	85	
11: 457	343	153	0	2	3	0	18	
Minimal Distance:0.519726
Minimal Index:0
Result:RightHandUpToDownSwipe

NumberOfFeatureVectors: 10
NumberOfFeatures: 8
0: 597	376	184	0	-6	-20	0	464	
1: 598	371	201	0	-6	-20	0	464	
2: 599	365	201	0	-4	-20	0	464	
3: 600	363	220	0	2	-20	0	464	
4: 602	359	214	0	2	-20	0	464	
5: 602	357	213	0	2	-19	0	365	
6: 603	356	213	0	2	-17	0	314	
7: 604	356	211	0	2	0	0	52	
8: 605	357	209	0	2	0	0	36	
9: 606	358	209	0	2	0	0	5	
Minimal Distance:0.789786
Minimal Index:0
Result:RightHandUpToDownSwipe

NumberOfFeatureVectors: 13
NumberOfFeatures: 8
0: 714	398	133	0	-6	-12	0	180	
1: 715	405	175	0	-6	-13	0	233	
2: 716	390	191	0	-6	-16	0	425	
3: 717	378	191	0	-6	-16	0	425	
4: 718	374	197	0	-6	-16	0	425	
5: 719	372	203	0	-6	-16	0	425	
6: 720	367	199	0	2	-16	0	425	
7: 721	364	196	0	3	-6	0	144	
8: 722	363	194	0	3	-6	0	52	
9: 723	363	191	0	3	0	0	41	
10: 724	363	190	0	3	1	0	40	
11: 725	371	195	0	2	1	0	40	
12: 726	374	196	0	1	1	0	18	
Minimal Distance:0.428158
Minimal Index:0
Result:RightHandUpToDownSwipe

NumberOfFeatureVectors: 16
NumberOfFeatures: 8
0: 859	309	49	0	-11	-3	0	130	
1: 860	323	54	0	-13	-4	0	185	
2: 861	338	58	0	-14	-4	0	221	
3: 862	357	64	0	-14	-5	0	232	
4: 863	379	76	0	-15	-6	0	241	
5: 864	389	96	0	-14	-6	0	241	
6: 865	407	114	0	-14	-6	0	241	
7: 866	412	128	0	-14	-6	0	241	
8: 867	418	133	0	-14	-6	0	241	
9: 868	424	141	0	-14	-8	0	241	
10: 869	433	150	0	-10	-9	0	241	
11: 870	436	153	0	-9	-9	0	221	
12: 871	438	156	0	-6	-9	0	162	
13: 872	439	157	0	-6	-8	0	100	
14: 873	435	158	0	-5	-5	0	61	
15: 874	432	158	0	-3	-3	0	18	
Minimal Distance:0.19428
Minimal Index:4
Result:RightHandDiagonalUpperLeft2LowerRight

NumberOfFeatureVectors: 19
NumberOfFeatures: 8
0: 994	321	104	0	11	-7	0	170	
1: 995	299	119	0	13	-7	0	233	
2: 996	279	130	0	14	-8	0	245	
3: 997	274	134	0	14	-8	0	245	
4: 998	282	166	0	14	-11	0	521	
5: 999	283	161	0	14	-11	0	521	
6: 1000	283	159	0	14	-11	0	521	
7: 1001	284	158	0	5	-7	0	245	
8: 1002	287	154	0	0	-4	0	41	
9: 1004	272	145	0	0	1	0	41	
10: 1004	268	142	0	0	2	0	26	
11: 1005	264	141	0	0	2	0	25	
12: 1006	282	146	0	-1	2	0	25	
13: 1007	285	148	0	-1	2	0	25	
14: 1008	279	140	0	0	2	0	25	
15: 1009	273	139	0	4	1	0	25	
16: 1010	271	139	0	4	1	0	25	
17: 1011	270	140	0	4	1	0	25	
18: 1012	269	140	0	2	0	0	17	
Minimal Distance:0.920377
Minimal Index:2
Result:RightHandRightToLeftSwipe

NumberOfFeatureVectors: 12
NumberOfFeatures: 8
0: 1108	245	104	0	13	-12	0	313	
1: 1109	236	122	0	13	-14	0	405	
2: 1110	225	134	0	13	-14	0	405	
3: 1111	211	152	0	14	-14	0	485	
4: 1112	199	161	0	14	-14	0	485	
5: 1113	196	164	0	14	-14	0	485	
6: 1114	202	164	0	12	-14	0	405	
7: 1115	202	166	0	11	-12	0	265	
8: 1116	203	165	0	9	-9	0	225	
9: 1117	205	163	0	3	-3	0	36	
10: 1118	214	159	0	0	-2	0	36	
11: 1119	218	157	0	-1	0	0	20	
Minimal Distance:0.503056
Minimal Index:5
Result:RightHandDiagonalUpperRight2LowerLeft

NumberOfFeatureVectors: 11
NumberOfFeatures: 8
0: 1251	268	69	0	10	-3	0	136	
1: 1252	246	100	0	12	-6	0	153	
2: 1253	223	126	0	13	-10	0	296	
3: 1254	223	142	0	13	-16	0	296	
4: 1255	217	154	0	13	-16	0	296	
5: 1256	217	159	0	13	-16	0	296	
6: 1257	217	163	0	13	-16	0	296	
7: 1258	217	165	0	6	-16	0	256	
8: 1260	215	167	0	2	-12	0	180	
9: 1260	214	167	0	1	-5	0	25	
10: 1261	216	164	0	0	-4	0	16	
Minimal Distance:0.612155
Minimal Index:5
Result:RightHandDiagonalUpperRight2LowerLeft

NumberOfFeatureVectors: 10
NumberOfFeatures: 8
0: 1384	241	96	0	10	-13	0	325	
1: 1385	222	117	0	12	-13	0	338	
2: 1386	223	138	0	12	-15	0	394	
3: 1387	207	156	0	13	-17	0	433	
4: 1388	205	162	0	13	-17	0	433	
5: 1389	203	166	0	12	-17	0	433	
6: 1390	202	169	0	10	-15	0	394	
7: 1391	201	171	0	2	-15	0	325	
8: 1392	201	172	0	2	-6	0	40	
9: 1393	202	171	0	1	-4	0	20	
Minimal Distance:0.723375
Minimal Index:5
Result:RightHandDiagonalUpperRight2LowerLeft

NumberOfFeatureVectors: 29
NumberOfFeatures: 8
0: 1560	294	331	0	1	-5	0	125	
1: 1561	293	335	0	1	-4	0	90	
2: 1562	301	338	0	1	-3	0	81	
3: 1563	301	342	0	0	-3	0	81	
4: 1564	303	337	0	0	-3	0	73	
5: 1565	304	335	0	0	-3	0	73	
6: 1566	303	332	0	0	-3	0	29	
7: 1567	280	326	0	0	2	0	29	
8: 1568	255	261	0	0	2	0	29	
9: 1569	242	245	0	1	3	0	29	
10: 1570	242	239	0	0	5	0	36	
11: 1571	237	235	0	1	5	0	36	
12: 1572	232	233	0	5	5	0	36	
13: 1573	228	230	0	5	4	0	36	
14: 1574	220	227	0	5	4	0	41	
15: 1575	214	229	0	6	4	0	41	
16: 1576	212	229	0	5	3	0	40	
17: 1577	209	228	0	5	3	0	36	
18: 1578	203	225	0	5	3	0	36	
19: 1579	198	221	0	5	3	0	40	
20: 1580	193	217	0	5	3	0	40	
21: 1581	189	214	0	5	3	0	40	
22: 1582	185	210	0	5	3	0	40	
23: 1583	183	208	0	4	3	0	32	
24: 1584	182	206	0	4	3	0	25	
25: 1585	181	205	0	4	3	0	25	
26: 1586	179	203	0	4	3	0	25	
27: 1587	172	197	0	4	3	0	25	
28: 1588	169	194	0	3	3	0	18	
Minimal Distance:1.96271
Minimal Index:1
Result:RightHandDownToUpSwipe

