NumberOfFeatureVectors: 9
NumberOfFeatures: 8
0: 277	338	78	149	20	1	0	443	
1: 278	330	83	153	20	0	0	443	
2: 279	311	86	156	20	-1	0	443	
3: 280	307	85	157	20	-1	-1	443	
4: 281	306	84	158	20	-1	-1	443	
5: 282	305	83	158	19	-1	-1	379	
6: 283	306	82	159	8	-1	-1	105	
7: 284	310	82	159	4	0	-1	18	
8: 285	313	82	159	1	0	-1	16	
Minimal Distance:0.841603
Minimal Index:2
Result:RightHandRightToLeftSwipe

NumberOfFeatureVectors: 11
NumberOfFeatures: 8
0: 359	343	316	129	2	4	0	149	
1: 360	339	307	130	4	4	0	98	
2: 361	356	351	126	4	4	0	149	
3: 362	358	359	125	4	4	0	149	
4: 363	362	370	124	2	2	0	149	
5: 364	364	375	124	-2	-5	0	149	
6: 365	365	378	124	-2	-5	0	138	
7: 366	365	378	123	-1	-3	0	98	
8: 367	364	376	124	-1	-3	0	69	
9: 368	363	374	124	-1	-3	0	29	
10: 369	363	372	124	-1	-3	0	10	
Minimal Distance:1.10751
Minimal Index:5
Result:RightHandDiagonalUpperRight2LowerLeft

NumberOfFeatureVectors: 27
NumberOfFeatures: 8
0: 437	356	358	125	-2	-4	0	222	
1: 438	356	358	125	-2	-4	0	222	
2: 439	357	364	125	-2	-5	0	110	
3: 440	357	364	125	-1	-4	0	37	
4: 441	354	366	124	-1	-4	0	29	
5: 442	350	368	124	0	-2	0	21	
6: 443	338	348	125	0	-2	0	21	
7: 445	323	345	122	3	0	0	21	
8: 445	310	354	117	4	0	0	37	
9: 447	293	361	112	4	-2	0	37	
10: 447	280	360	109	12	-2	1	179	
11: 448	271	359	107	12	0	2	179	
12: 449	252	353	102	13	1	3	243	
13: 450	241	351	99	13	1	3	243	
14: 451	234	350	98	13	1	3	243	
15: 452	228	350	96	13	1	3	179	
16: 453	224	352	95	11	1	3	134	
17: 454	226	338	96	9	1	2	134	
18: 455	228	332	97	7	1	2	86	
19: 456	229	331	97	6	1	1	51	
20: 457	231	331	97	4	1	1	41	
21: 458	234	330	98	-1	1	0	40	
22: 459	238	342	97	-2	1	0	40	
23: 460	240	347	96	-2	0	0	30	
24: 461	243	351	96	-2	0	0	25	
25: 462	244	353	95	-2	0	0	25	
26: 463	246	354	95	-2	-1	0	11	
Minimal Distance:1.77258
Minimal Index:2
Result:RightHandRightToLeftSwipe

NumberOfFeatureVectors: 12
NumberOfFeatures: 8
0: 588	255	331	97	0	3	0	122	
1: 589	255	337	96	0	3	0	122	
2: 590	255	326	97	0	3	0	122	
3: 591	255	320	98	0	3	0	37	
4: 592	255	317	98	0	3	0	37	
5: 593	256	314	99	0	3	0	37	
6: 594	256	313	99	0	3	0	37	
7: 595	256	331	97	0	3	0	37	
8: 596	256	327	97	0	3	0	37	
9: 597	255	337	96	0	3	0	37	
10: 598	255	343	96	0	3	0	36	
11: 599	255	346	95	0	1	0	16	
Minimal Distance:0.575013
Minimal Index:1
Result:RightHandDownToUpSwipe

NumberOfFeatureVectors: 10
NumberOfFeatures: 8
0: 797	346	64	147	13	0	1	171	
1: 798	345	76	157	13	-1	0	200	
2: 799	327	76	159	14	-1	0	245	
3: 800	322	77	161	14	-1	-1	245	
4: 801	318	78	163	14	-1	-2	245	
5: 802	314	79	164	14	-1	-2	245	
6: 803	312	79	165	5	-1	-2	245	
7: 804	311	79	166	4	-1	-2	30	
8: 805	310	79	166	4	-1	-2	21	
9: 806	309	79	166	2	0	-1	18	
Minimal Distance:0.728588
Minimal Index:2
Result:RightHandRightToLeftSwipe

NumberOfFeatureVectors: 23
NumberOfFeatures: 8
0: 1029	426	73	140	-7	1	3	173	
1: 1030	431	84	138	-7	-11	3	173	
2: 1031	432	92	137	-7	-11	3	173	
3: 1032	432	97	137	-5	-11	2	150	
4: 1033	427	97	136	-5	-11	2	150	
5: 1034	422	82	135	-5	-11	2	173	
6: 1035	419	62	131	-1	-8	2	173	
7: 1036	412	38	131	0	-5	1	179	
8: 1037	401	14	134	3	0	1	251	
9: 1038	393	-3	140	5	15	1	251	
10: 1039	387	-33	143	5	17	0	389	
11: 1040	385	-47	145	5	17	0	389	
12: 1042	383	-54	146	5	17	-1	389	
13: 1042	382	-59	146	5	17	-1	389	
14: 1043	381	-62	147	3	17	-1	389	
15: 1044	409	-47	140	2	14	-1	389	
16: 1045	424	-40	137	2	7	-1	283	
17: 1046	431	-36	135	1	5	-1	204	
18: 1047	435	-33	134	1	3	0	69	
19: 1048	436	-32	134	-1	-1	0	54	
20: 1049	436	-32	133	-1	-1	1	26	
21: 1050	434	-32	133	-1	-1	1	26	
22: 1052	432	-32	134	-1	-1	1	11	
Minimal Distance:1.52163
Minimal Index:0
Result:RightHandUpToDownSwipe

NumberOfFeatureVectors: 23
NumberOfFeatures: 8
0: 1122	399	111	145	-2	-7	1	140	
1: 1123	397	115	146	2	-7	-1	140	
2: 1124	397	111	145	2	-7	-1	57	
3: 1125	397	111	144	2	-7	-1	57	
4: 1126	394	115	142	3	-5	-1	35	
5: 1127	392	116	141	3	-4	-1	29	
6: 1128	391	117	141	2	-4	0	21	
7: 1129	383	112	139	2	-1	1	21	
8: 1130	376	104	140	2	-1	1	21	
9: 1131	369	91	143	2	0	1	21	
10: 1132	365	75	145	3	4	1	29	
11: 1133	356	40	137	4	5	1	93	
12: 1134	347	13	137	7	8	0	114	
13: 1135	346	5	142	7	8	0	114	
14: 1136	341	-6	147	7	11	-1	171	
15: 1137	339	-14	149	7	11	-2	171	
16: 1138	337	-19	151	5	11	-2	171	
17: 1139	337	-23	153	4	11	-2	171	
18: 1140	338	-25	154	2	8	-2	90	
19: 1141	345	-24	156	2	8	-2	72	
20: 1142	344	-24	157	1	5	-2	54	
21: 1143	343	-25	157	1	4	-2	33	
22: 1144	340	-27	157	1	2	-2	20	
Minimal Distance:1.36966
Minimal Index:0
Result:RightHandUpToDownSwipe

NumberOfFeatureVectors: 9
NumberOfFeatures: 8
0: 1221	290	7	139	2	11	1	126	
1: 1222	287	-2	142	3	11	1	126	
2: 1223	284	-19	145	3	17	0	293	
3: 1224	282	-24	146	2	17	0	293	
4: 1225	281	-26	147	2	17	-1	293	
5: 1226	280	-28	148	2	11	-1	126	
6: 1227	280	-28	149	2	9	-1	99	
7: 1228	280	-27	149	2	5	-1	30	
8: 1229	279	-27	149	1	2	-1	6	
Minimal Distance:0.908889
Minimal Index:1
Result:RightHandDownToUpSwipe

NumberOfFeatureVectors: 9
NumberOfFeatures: 8
0: 1300	337	134	135	1	-13	2	189	
1: 1301	336	145	140	1	-13	1	189	
2: 1302	336	150	142	1	-13	-1	189	
3: 1303	337	153	143	0	-11	-1	147	
4: 1304	337	156	145	0	-11	-2	147	
5: 1305	337	156	145	0	-11	-2	147	
6: 1306	337	155	146	0	-5	-2	29	
7: 1307	337	154	146	0	-3	-1	13	
8: 1308	337	153	146	0	-3	-1	11	
Minimal Distance:0.842071
Minimal Index:0
Result:RightHandUpToDownSwipe

NumberOfFeatureVectors: 10
NumberOfFeatures: 8
0: 1450	338	10	126	0	-1	0	153	
1: 1451	331	-7	131	1	7	-1	230	
2: 1452	328	-18	131	2	11	0	130	
3: 1453	327	-29	134	2	11	0	131	
4: 1454	327	-34	135	2	11	-1	131	
5: 1455	326	-37	136	2	11	-1	131	
6: 1456	327	-38	136	1	11	0	131	
7: 1457	327	-38	137	1	11	-1	130	
8: 1458	328	-37	137	1	5	-1	26	
9: 1459	329	-36	137	0	3	-1	11	
Minimal Distance:0.88645
Minimal Index:1
Result:RightHandDownToUpSwipe

NumberOfFeatureVectors: 9
NumberOfFeatures: 8
0: 2005	320	87	162	-1	-9	-6	134	
1: 2005	320	93	165	-1	-9	-6	134	
2: 2006	320	95	166	0	-9	-6	134	
3: 2007	320	96	167	0	-9	-5	134	
4: 2008	320	96	168	0	-8	-3	101	
5: 2009	320	95	167	0	-6	-1	45	
6: 2010	320	94	167	0	-2	-1	5	
7: 2011	320	93	166	0	-1	-1	2	
8: 2012	320	93	166	0	0	-1	2	
Minimal Distance:0.963509
Minimal Index:0
Result:RightHandUpToDownSwipe

NumberOfFeatureVectors: 11
NumberOfFeatures: 8
0: 2211	361	71	141	-10	-5	1	129	
1: 2212	387	84	141	-13	-6	1	206	
2: 2213	407	93	142	-20	-8	1	482	
3: 2214	414	96	143	-20	-8	1	482	
4: 2215	420	101	144	-20	-8	1	482	
5: 2216	422	104	146	-20	-8	0	482	
6: 2217	425	110	148	-20	-8	-1	482	
7: 2218	425	112	150	-7	-6	-1	62	
8: 2219	423	114	151	-6	-5	-1	59	
9: 2220	422	115	152	-3	-3	-1	49	
10: 2221	421	116	152	-2	-3	-1	17	
Minimal Distance:0.561302
Minimal Index:4
Result:RightHandDiagonalUpperLeft2LowerRight

NumberOfFeatureVectors: 13
NumberOfFeatures: 8
0: 2322	308	16	135	10	1	2	125	
1: 2323	299	18	133	10	1	2	125	
2: 2324	288	27	133	10	1	2	125	
3: 2325	278	39	133	10	1	2	141	
4: 2326	261	62	137	11	1	2	177	
5: 2327	251	76	139	11	-2	2	202	
6: 2328	246	84	141	11	-8	0	202	
7: 2329	242	87	142	10	-8	0	202	
8: 2330	239	90	143	10	-8	-1	202	
9: 2331	237	91	143	9	-8	-1	93	
10: 2332	236	91	144	5	-8	-1	93	
11: 2333	235	91	144	4	-3	-1	26	
12: 2334	236	90	144	3	-3	-1	19	
Minimal Distance:0.383662
Minimal Index:5
Result:RightHandDiagonalUpperRight2LowerLeft

NumberOfFeatureVectors: 9
NumberOfFeatures: 8
0: 2425	273	82	167	-1	-1	0	161	
1: 2426	273	76	169	0	-1	0	161	
2: 2427	273	72	171	0	0	-1	41	
3: 2428	273	72	171	0	0	-1	40	
4: 2429	274	73	171	0	0	-1	20	
5: 2430	276	75	171	0	0	-1	8	
6: 2431	278	76	172	0	0	-1	8	
7: 2432	280	78	172	0	0	-1	8	
8: 2433	280	81	170	0	-1	0	8	
Minimal Distance:1.09167
Minimal Index:6
Result:RightHandForwardPush

NumberOfFeatureVectors: 9
NumberOfFeatures: 8
0: 2498	199	111	150	2	1	1	393	
1: 2499	204	104	152	2	4	1	393	
2: 2500	206	101	153	2	4	1	393	
3: 2501	209	100	153	-2	4	0	78	
4: 2502	210	101	153	-2	4	0	42	
5: 2503	211	104	153	-2	4	0	41	
6: 2504	210	107	151	-1	3	0	14	
7: 2505	211	108	151	-1	1	0	14	
8: 2506	211	108	151	-1	0	0	10	
Minimal Distance:1.07225
Minimal Index:1
Result:RightHandDownToUpSwipe

NumberOfFeatureVectors: 26
NumberOfFeatures: 8
0: 2542	133	242	98	11	-3	2	169	
1: 2543	127	240	98	6	-1	0	134	
2: 2544	165	260	100	-3	-1	0	134	
3: 2545	180	256	99	-3	0	0	134	
4: 2546	214	272	107	-6	0	0	169	
5: 2547	196	205	109	6	2	0	242	
6: 2548	197	175	107	6	3	1	905	
7: 2549	200	186	111	-1	3	0	905	
8: 2550	185	154	106	-1	3	0	905	
9: 2551	176	144	104	-1	4	0	905	
10: 2552	185	188	109	-3	4	-2	1274	
11: 2553	177	189	109	-1	4	0	905	
12: 2555	168	237	101	8	-1	0	1274	
13: 2555	165	259	98	8	-1	2	905	
14: 2556	162	233	103	3	-1	2	710	
15: 2557	147	253	99	8	-11	2	641	
16: 2558	118	250	94	9	-1	3	710	
17: 2559	105	241	95	9	-1	2	641	
18: 2560	97	248	95	8	-7	0	641	
19: 2561	113	248	99	8	-1	0	502	
20: 2562	112	248	99	8	0	0	502	
21: 2563	113	248	100	3	0	0	272	
22: 2564	100	248	97	8	0	0	251	
23: 2565	96	248	96	8	0	0	178	
24: 2566	92	248	96	4	0	0	113	
25: 2567	90	248	95	4	0	0	17	
Minimal Distance:1.68092
Minimal Index:2
Result:RightHandRightToLeftSwipe

NumberOfFeatureVectors: 17
NumberOfFeatures: 8
0: 329	228	179	181	-7	-8	2	346	
1: 330	176	106	189	-7	-8	2	347	
2: 331	171	80	182	0	-4	3	750	
3: 332	194	103	172	0	-4	3	1158	
4: 333	197	102	175	-3	1	3	1158	
5: 334	204	106	172	-3	1	3	1158	
6: 335	215	114	171	-3	1	3	750	
7: 336	227	127	169	-3	1	2	750	
8: 337	234	146	175	-7	-4	2	446	
9: 338	239	149	174	-7	-4	1	317	
10: 339	238	155	179	-7	-6	1	186	
11: 340	241	160	180	-7	-6	1	74	
12: 341	242	163	180	-5	-5	0	62	
13: 342	243	166	181	-5	-5	0	62	
14: 343	243	168	182	-3	-5	-1	35	
15: 345	244	169	182	-1	-3	-1	35	
16: 345	244	172	182	-1	-3	-1	11	
Minimal Distance:0.450909
Minimal Index:4
Result:RightHandDiagonalUpperLeft2LowerRight

NumberOfFeatureVectors: 10
NumberOfFeatures: 8
0: 449	212	59	133	1	11	4	141	
1: 450	211	52	131	1	11	4	141	
2: 451	210	38	127	1	14	4	213	
3: 452	209	32	125	1	14	4	213	
4: 453	209	27	124	1	11	4	141	
5: 454	210	24	122	1	9	3	91	
6: 455	210	22	121	1	7	2	54	
7: 456	211	21	120	0	6	2	41	
8: 457	211	21	119	0	5	2	26	
9: 458	211	22	118	0	3	1	14	
Minimal Distance:0.80835
Minimal Index:1
Result:RightHandDownToUpSwipe

NumberOfFeatureVectors: 12
NumberOfFeatures: 8
0: 505	275	131	146	-6	10	1	140	
1: 506	286	116	143	-8	12	1	226	
2: 507	292	109	141	-8	12	1	226	
3: 508	305	94	137	-9	13	2	237	
4: 509	313	86	135	-9	13	2	237	
5: 510	322	77	138	-9	12	2	226	
6: 511	327	73	140	-8	10	2	171	
7: 512	329	70	141	-8	9	2	140	
8: 513	331	68	141	-6	8	2	132	
9: 514	332	66	141	-6	7	0	89	
10: 515	334	64	142	-5	4	0	45	
11: 516	336	62	142	-2	3	0	14	
Minimal Distance:0.669981
Minimal Index:1
Result:RightHandDownToUpSwipe

NumberOfFeatureVectors: 16
NumberOfFeatures: 8
0: 715	306	-93	129	4	5	2	201	
1: 716	280	-119	131	4	5	2	201	
2: 717	253	-126	132	7	7	1	225	
3: 718	245	-124	133	8	7	0	225	
4: 719	241	-120	133	7	7	0	201	
5: 720	227	-106	138	8	7	-1	417	
6: 721	285	-83	127	8	7	-1	747	
7: 722	299	-74	123	8	-2	-1	417	
8: 723	316	-69	120	8	-4	-1	417	
9: 724	315	-70	119	4	-4	0	323	
10: 725	317	-70	117	1	-4	1	293	
11: 726	312	-73	116	1	-4	1	69	
12: 727	308	-77	117	1	-4	1	35	
13: 728	305	-79	118	1	0	1	35	
14: 729	303	-80	118	1	1	1	33	
15: 730	302	-80	118	1	1	1	14	
Minimal Distance:0.65369
Minimal Index:2
Result:RightHandRightToLeftSwipe

NumberOfFeatureVectors: 10
NumberOfFeatures: 8
0: 793	176	81	144	10	4	5	145	
1: 794	172	77	145	10	4	4	145	
2: 795	171	74	146	10	3	-1	145	
3: 796	161	58	146	10	3	-1	170	
4: 797	157	52	146	10	3	-1	170	
5: 798	154	47	146	10	3	-1	145	
6: 799	153	45	146	4	3	0	52	
7: 800	152	43	146	4	3	0	34	
8: 801	154	41	146	3	3	0	33	
9: 802	158	40	147	1	3	0	18	
Minimal Distance:0.734765
Minimal Index:2
Result:RightHandRightToLeftSwipe

NumberOfFeatureVectors: 44
NumberOfFeatures: 8
0: 863	190	83	137	6	-3	2	294	
1: 864	174	81	134	6	-2	2	269	
2: 865	168	79	135	6	-2	2	269	
3: 866	167	78	135	6	1	0	269	
4: 867	167	78	135	6	0	0	44	
5: 868	164	68	135	5	0	0	44	
6: 869	161	63	136	3	1	0	41	
7: 870	151	54	134	3	2	0	41	
8: 871	73	51	125	3	2	0	109	
9: 872	48	43	122	6	3	0	109	
10: 873	41	40	120	6	3	0	62	
11: 874	19	37	117	7	3	2	109	
12: 875	17	37	116	7	3	2	109	
13: 877	-1	36	113	10	3	2	185	
14: 877	-5	32	112	10	3	2	185	
15: 878	-4	-22	105	10	3	3	334	
16: 879	-5	-51	102	7	3	3	502	
17: 880	-28	-64	95	7	4	3	502	
18: 881	-41	-68	93	7	4	3	334	
19: 882	-51	-62	92	10	4	3	334	
20: 883	-61	-50	92	10	4	2	244	
21: 884	15	190	91	10	4	2	334	
22: 885	14	247	89	4	4	2	747	
23: 886	21	278	89	1	-6	2	851	
24: 887	24	315	88	1	-12	1	851	
25: 888	22	317	87	2	-12	1	747	
26: 889	8	340	86	2	-23	1	726	
27: 890	6	355	85	2	-23	1	726	
28: 891	0	353	84	2	-23	1	726	
29: 892	-3	357	83	2	-23	1	726	
30: 893	-5	359	83	2	-15	1	230	
31: 894	-11	347	83	2	-4	1	180	
32: 895	-20	339	83	3	-2	1	145	
33: 896	-25	333	83	5	-2	1	61	
34: 897	-31	330	83	6	2	0	61	
35: 899	-34	328	83	5	2	0	45	
36: 899	-24	322	83	5	3	0	45	
37: 900	-16	319	84	3	3	0	61	
38: 901	-10	314	84	3	5	0	61	
39: 902	-5	311	84	3	5	0	61	
40: 903	-2	309	84	-3	3	0	61	
41: 904	0	307	84	-3	3	0	45	
42: 906	1	306	84	-3	3	0	34	
43: 906	2	305	84	-3	2	0	13	
Minimal Distance:3.9489
Minimal Index:1
Result:RightHandDownToUpSwipe

NumberOfFeatureVectors: 47
NumberOfFeatures: 8
0: 190	240	153	134	6	2	3	140	
1: 191	234	134	133	6	7	2	169	
2: 192	222	123	129	6	10	2	209	
3: 193	213	113	128	8	10	2	209	
4: 194	205	106	127	8	10	2	182	
5: 195	187	101	124	9	7	2	281	
6: 196	138	97	118	9	7	2	281	
7: 197	110	85	115	9	10	2	358	
8: 198	101	79	114	9	10	2	358	
9: 199	61	64	112	12	10	2	358	
10: 200	36	55	110	18	9	2	358	
11: 201	24	52	110	18	7	2	358	
12: 202	16	50	109	18	6	2	358	
13: 203	-1	38	107	18	6	2	437	
14: 204	-8	34	106	17	6	2	437	
15: 205	23	51	107	12	6	1	437	
16: 206	90	91	110	9	4	1	437	
17: 207	113	98	111	8	3	1	579	
18: 208	117	98	111	7	2	0	437	
19: 209	111	96	111	6	2	0	153	
20: 210	105	65	117	6	2	0	437	
21: 211	262	123	112	-4	0	0	579	
22: 212	285	108	116	-23	0	-1	770	
23: 213	300	107	117	-23	0	-1	770	
24: 214	310	116	116	-15	0	-1	579	
25: 215	312	123	116	-10	0	0	227	
26: 216	310	127	116	-4	0	0	182	
27: 217	300	127	116	-2	0	0	182	
28: 218	291	127	116	-2	0	0	182	
29: 219	284	162	111	-2	-4	0	182	
30: 220	280	182	109	2	-4	0	182	
31: 221	278	190	108	2	-7	0	100	
32: 222	272	138	115	4	-7	0	100	
33: 223	267	118	118	5	-4	0	100	
34: 224	234	73	121	6	0	0	420	
35: 225	207	49	123	7	0	0	434	
36: 226	267	163	112	6	0	0	1299	
37: 227	257	117	117	6	20	-2	1309	
38: 228	265	117	117	5	20	-2	1309	
39: 229	270	115	117	5	20	-2	1309	
40: 230	273	113	117	5	20	-2	1309	
41: 231	280	119	115	-3	2	0	434	
42: 232	284	124	114	-4	2	0	89	
43: 233	287	127	114	-4	0	0	64	
44: 234	288	128	114	-4	-1	0	42	
45: 235	288	128	113	-3	0	0	29	
46: 236	287	124	113	-3	0	0	18	
Minimal Distance:4.16914
Minimal Index:1
Result:RightHandDownToUpSwipe

NumberOfFeatureVectors: 14
NumberOfFeatures: 8
0: 220	283	92	100	3	3	0	205	
1: 221	268	95	100	14	2	0	234	
2: 222	254	102	100	14	-2	0	245	
3: 223	241	102	100	14	-2	0	245	
4: 224	231	105	100	14	-3	0	234	
5: 225	216	112	100	15	-3	0	245	
6: 226	206	112	100	14	-3	0	234	
7: 227	200	115	100	14	-3	0	205	
8: 228	194	114	100	13	-3	0	169	
9: 229	192	112	100	10	-3	0	109	
10: 230	190	112	100	10	0	0	100	
11: 231	188	113	100	6	0	0	45	
12: 232	187	114	100	6	-1	0	37	
13: 233	186	115	100	2	-1	0	8	
Minimal Distance:0.284739
Minimal Index:2
Result:RightHandRightToLeftSwipe

NumberOfFeatureVectors: 10
NumberOfFeatures: 8
0: 283	305	120	100	-14	0	0	196	
1: 284	320	119	100	-15	0	0	226	
2: 285	327	118	100	-15	0	0	226	
3: 286	330	113	100	-15	1	0	226	
4: 287	336	110	100	-15	1	0	226	
5: 288	338	108	100	-14	1	0	196	
6: 289	340	107	100	-7	1	0	50	
7: 290	342	107	100	-6	1	0	45	
8: 291	346	106	100	-4	1	0	34	
9: 292	349	105	100	-3	1	0	17	
Minimal Distance:0.68765
Minimal Index:3
Result:RightHandLeftToRightSwipe

NumberOfFeatureVectors: 10
NumberOfFeatures: 8
0: 332	235	123	100	9	-1	0	122	
1: 333	223	122	100	12	0	0	145	
2: 334	216	121	100	12	1	0	145	
3: 336	204	121	100	12	1	0	145	
4: 336	203	121	100	12	0	0	145	
5: 337	201	122	100	12	0	0	145	
6: 338	195	121	100	12	1	0	144	
7: 339	194	122	100	7	0	0	50	
8: 340	193	122	100	6	0	0	37	
9: 341	192	122	100	2	0	0	5	
Minimal Distance:0.693118
Minimal Index:2
Result:RightHandRightToLeftSwipe

NumberOfFeatureVectors: 9
NumberOfFeatures: 8
0: 389	347	115	100	-13	1	0	170	
1: 391	358	114	100	-13	1	0	170	
2: 391	366	113	100	-13	1	0	170	
3: 392	370	113	100	-13	1	0	170	
4: 393	373	113	100	-11	1	0	122	
5: 394	370	113	100	-8	0	0	65	
6: 395	370	113	100	-5	0	0	61	
7: 396	370	113	100	-4	0	0	16	
8: 397	371	113	100	-3	0	0	9	
Minimal Distance:0.814427
Minimal Index:3
Result:RightHandLeftToRightSwipe

NumberOfFeatureVectors: 32
NumberOfFeatures: 8
0: 452	204	128	100	11	2	0	122	
1: 453	185	121	100	11	3	0	122	
2: 454	166	119	100	12	3	0	153	
3: 455	150	113	100	13	4	0	194	
4: 456	131	107	100	16	5	0	292	
5: 457	121	104	100	16	5	0	292	
6: 458	108	101	100	16	5	0	292	
7: 460	99	99	100	16	4	0	292	
8: 460	89	98	100	16	3	0	292	
9: 461	71	95	100	16	3	0	292	
10: 462	64	94	100	13	3	0	178	
11: 463	60	93	100	10	3	0	109	
12: 464	59	89	100	10	3	0	101	
13: 465	59	87	100	9	2	0	85	
14: 466	59	85	100	7	2	0	50	
15: 467	51	86	100	7	2	0	50	
16: 468	40	86	100	7	1	0	50	
17: 469	28	86	100	7	1	0	50	
18: 470	20	86	100	7	1	0	50	
19: 471	3	85	100	8	1	0	64	
20: 472	-2	85	0	8	0	0	65	
21: 473	-7	83	0	8	0	0	65	
22: 474	-11	80	0	8	0	0	65	
23: 475	-10	72	0	8	0	0	65	
24: 476	-5	59	0	5	1	0	121	
25: 477	-3	52	0	5	2	0	65	
26: 478	0	47	0	4	3	0	64	
27: 479	1	45	0	-1	3	0	53	
28: 480	2	43	0	-1	3	0	34	
29: 481	2	41	0	-1	3	0	29	
30: 482	3	40	0	-1	3	0	25	
31: 483	3	39	0	-1	2	0	5	
Minimal Distance:2.38969
Minimal Index:2
Result:RightHandRightToLeftSwipe

NumberOfFeatureVectors: 10
NumberOfFeatures: 8
0: 1161	41	63	0	-3	2	0	160	
1: 1162	40	62	0	-2	2	0	53	
2: 1163	38	62	0	-2	2	0	45	
3: 1164	37	62	0	-1	2	0	20	
4: 1165	36	63	100	0	2	0	53	
5: 1166	35	64	100	1	1	0	17	
6: 1167	15	66	0	1	0	0	17	
7: 1168	6	67	0	1	0	0	17	
8: 1169	1	67	0	1	0	0	25	
9: 1170	0	67	0	1	0	0	4	
Minimal Distance:1.01063
Minimal Index:1
Result:RightHandDownToUpSwipe

NumberOfFeatureVectors: 18
NumberOfFeatures: 8
0: 1472	129	119	100	-13	-3	0	178	
1: 1473	149	119	100	-13	-3	0	234	
2: 1474	169	119	100	-13	-3	0	293	
3: 1475	187	120	100	-17	-2	0	313	
4: 1476	195	120	100	-17	-2	0	313	
5: 1477	202	114	100	-17	-1	0	293	
6: 1478	213	111	100	-17	0	0	293	
7: 1479	232	107	100	-17	0	0	325	
8: 1480	247	106	100	-17	0	0	293	
9: 1481	259	105	100	-15	1	0	226	
10: 1482	270	108	100	-12	1	0	145	
11: 1483	274	109	100	-11	1	0	130	
12: 1484	277	112	100	-11	1	0	130	
13: 1485	280	116	100	-11	1	0	130	
14: 1486	281	119	100	-11	-1	0	130	
15: 1487	286	125	100	-5	-3	0	61	
16: 1488	287	126	100	-4	-3	0	25	
17: 1489	289	127	100	-3	-3	0	18	
Minimal Distance:0.586517
Minimal Index:4
Result:RightHandDiagonalUpperLeft2LowerRight

NumberOfFeatureVectors: 12
NumberOfFeatures: 8
0: 1579	270	76	100	-11	3	0	137	
1: 1580	293	71	100	-11	4	0	157	
2: 1581	316	67	100	-16	4	0	272	
3: 1582	341	65	100	-17	4	0	305	
4: 1584	352	67	100	-17	4	0	305	
5: 1584	358	68	100	-17	4	0	305	
6: 1585	366	67	100	-17	2	0	305	
7: 1586	370	67	100	-17	2	0	305	
8: 1587	373	67	100	-11	1	0	125	
9: 1588	373	68	100	-8	0	0	65	
10: 1589	372	69	100	-6	0	0	37	
11: 1590	372	70	100	-4	-1	0	16	
Minimal Distance:0.45471
Minimal Index:3
Result:RightHandLeftToRightSwipe

NumberOfFeatureVectors: 11
NumberOfFeatures: 8
0: 1641	264	101	100	12	-2	0	153	
1: 1642	239	98	100	16	-2	0	256	
2: 1643	223	95	100	16	-2	0	260	
3: 1644	210	93	100	16	-1	0	260	
4: 1645	202	92	100	16	0	0	260	
5: 1646	195	91	100	16	1	0	260	
6: 1647	192	90	100	16	1	0	256	
7: 1648	190	90	100	13	1	0	173	
8: 1649	188	89	100	8	1	0	65	
9: 1650	187	89	100	7	1	0	50	
10: 1651	187	89	100	3	1	0	10	
Minimal Distance:0.562764
Minimal Index:2
Result:RightHandRightToLeftSwipe

NumberOfFeatureVectors: 9
NumberOfFeatures: 8
0: 1721	309	105	100	-10	0	0	125	
1: 1722	315	106	100	-10	0	0	100	
2: 1723	320	107	100	-9	0	0	85	
3: 1724	324	106	100	-8	0	0	64	
4: 1725	331	101	100	-7	0	0	74	
5: 1726	335	99	100	-7	1	0	74	
6: 1727	338	97	100	-6	1	0	37	
7: 1728	340	95	100	-5	1	0	26	
8: 1729	342	93	100	-4	2	0	20	
Minimal Distance:0.81746
Minimal Index:3
Result:RightHandLeftToRightSwipe

NumberOfFeatureVectors: 12
NumberOfFeatures: 8
0: 1800	273	102	100	-11	0	0	122	
1: 1801	299	110	100	-13	0	0	169	
2: 1802	315	104	100	-16	0	0	257	
3: 1803	328	102	100	-16	0	0	257	
4: 1804	340	101	100	-16	1	0	257	
5: 1805	353	99	100	-13	1	0	173	
6: 1806	358	99	100	-13	1	0	173	
7: 1807	360	99	100	-13	0	0	173	
8: 1808	362	99	100	-13	0	0	173	
9: 1809	361	100	100	-12	0	0	145	
10: 1810	359	101	100	-5	0	0	25	
11: 1811	357	102	100	-2	0	0	5	
Minimal Distance:0.435028
Minimal Index:3
Result:RightHandLeftToRightSwipe

NumberOfFeatureVectors: 9
NumberOfFeatures: 8
0: 1852	83	71	100	13	1	0	185	
1: 1853	66	77	100	13	0	0	185	
2: 1854	56	81	100	11	0	0	125	
3: 1855	52	83	100	11	-1	0	125	
4: 1856	54	84	100	10	-1	0	116	
5: 1857	56	84	100	5	-1	0	25	
6: 1858	56	84	100	4	-1	0	20	
7: 1859	55	85	100	2	-1	0	5	
8: 1860	51	85	100	4	-1	0	16	
Minimal Distance:0.843136
Minimal Index:2
Result:RightHandRightToLeftSwipe

NumberOfFeatureVectors: 10
NumberOfFeatures: 8
0: 119	253	126	100	13	-2	0	170	
1: 120	226	125	100	18	-2	0	340	
2: 121	216	128	100	18	-2	0	340	
3: 122	204	120	100	18	-1	0	340	
4: 123	190	118	100	18	0	0	340	
5: 124	192	115	100	18	1	0	340	
6: 125	191	114	100	14	1	0	208	
7: 126	188	113	100	12	1	0	200	
8: 127	188	113	100	10	1	0	109	
9: 128	189	113	100	3	1	0	13	
Minimal Distance:0.680676
Minimal Index:2
Result:RightHandRightToLeftSwipe

NumberOfFeatureVectors: 9
NumberOfFeatures: 8
0: 198	344	101	100	-15	1	0	229	
1: 198	358	97	100	-15	2	0	229	
2: 199	367	94	100	-15	2	0	229	
3: 200	383	91	100	-16	3	0	265	
4: 201	386	90	100	-16	3	0	265	
5: 202	389	89	100	-16	3	0	265	
6: 203	392	88	100	-14	3	0	212	
7: 204	393	89	100	-9	3	0	90	
8: 205	392	89	100	-3	1	0	10	
Minimal Distance:0.818424
Minimal Index:3
Result:RightHandLeftToRightSwipe

NumberOfFeatureVectors: 12
NumberOfFeatures: 8
0: 244	104	108	100	17	1	0	290	
1: 245	93	109	100	14	1	0	221	
2: 247	86	107	100	12	1	0	145	
3: 247	78	104	100	11	1	0	122	
4: 248	73	103	100	8	1	0	73	
5: 249	69	102	100	8	1	0	73	
6: 250	65	103	100	7	1	0	53	
7: 251	58	99	100	7	1	0	65	
8: 252	54	97	100	7	1	0	53	
9: 253	58	93	100	5	2	0	32	
10: 254	60	90	100	4	2	0	26	
11: 255	61	88	100	4	2	0	20	
Minimal Distance:0.445497
Minimal Index:2
Result:RightHandRightToLeftSwipe

NumberOfFeatureVectors: 30
NumberOfFeatures: 8
0: 374	143	139	100	-10	-6	0	234	
1: 375	258	320	100	-13	-9	0	244	
2: 377	191	158	100	-13	-9	0	269	
3: 377	201	154	100	-13	-9	0	269	
4: 378	205	137	100	-10	-6	0	269	
5: 379	199	119	100	-10	-3	0	305	
6: 380	197	109	100	-10	4	0	305	
7: 381	204	106	100	-7	4	0	305	
8: 382	223	113	100	-7	4	0	305	
9: 383	241	124	100	-7	4	0	360	
10: 384	256	129	100	-7	4	0	305	
11: 385	268	134	100	-10	3	0	250	
12: 386	273	135	100	-7	-1	0	250	
13: 387	280	134	100	-7	-1	0	169	
14: 388	285	132	100	-7	-1	0	104	
15: 389	286	128	100	-7	-1	0	58	
16: 390	292	127	100	-7	-1	0	50	
17: 391	303	125	100	-7	1	0	50	
18: 392	311	124	100	-7	1	0	50	
19: 393	319	122	100	-7	1	0	50	
20: 394	327	121	100	-7	1	0	50	
21: 396	342	117	100	-8	2	0	65	
22: 396	350	115	100	-8	2	0	65	
23: 397	355	114	100	-8	2	0	65	
24: 398	365	114	100	-8	1	0	68	
25: 400	369	113	100	-8	1	0	68	
26: 400	371	113	100	-8	1	0	65	
27: 401	373	113	100	-8	1	0	65	
28: 402	376	113	100	-5	1	0	26	
29: 403	377	113	100	-4	0	0	17	
Minimal Distance:2.22672
Minimal Index:4
Result:RightHandDiagonalUpperLeft2LowerRight

NumberOfFeatureVectors: 12
NumberOfFeatures: 8
0: 506	288	128	100	10	-4	0	125	
1: 507	267	132	100	11	-4	0	130	
2: 508	241	131	100	12	-4	0	145	
3: 509	217	127	100	16	-4	0	292	
4: 510	202	122	100	16	-3	0	292	
5: 511	186	119	100	16	-1	0	292	
6: 512	179	118	100	16	1	0	292	
7: 513	175	117	100	16	1	0	292	
8: 514	173	116	100	16	1	0	265	
9: 515	170	116	100	15	1	0	250	
10: 516	170	116	100	7	1	0	50	
11: 517	170	115	100	4	1	0	17	
Minimal Distance:0.462413
Minimal Index:2
Result:RightHandRightToLeftSwipe

NumberOfFeatureVectors: 11
NumberOfFeatures: 8
0: 576	318	93	100	-18	2	0	340	
1: 577	330	88	100	-18	2	0	340	
2: 578	347	84	100	-18	4	0	340	
3: 579	356	81	100	-18	4	0	340	
4: 580	371	80	100	-18	4	0	340	
5: 581	376	79	100	-17	3	0	305	
6: 582	379	79	100	-15	2	0	226	
7: 583	380	79	100	-12	1	0	169	
8: 584	379	81	100	-9	1	0	90	
9: 585	379	81	100	-5	1	0	26	
10: 586	378	82	100	-3	0	0	9	
Minimal Distance:0.563733
Minimal Index:3
Result:RightHandLeftToRightSwipe

NumberOfFeatureVectors: 12
NumberOfFeatures: 8
0: 651	269	112	100	11	-1	0	148	
1: 652	239	119	100	12	-2	0	197	
2: 653	224	115	100	14	-2	0	200	
3: 654	214	111	100	14	1	0	200	
4: 655	207	110	100	14	1	0	200	
5: 656	202	109	100	14	1	0	200	
6: 657	197	109	100	11	1	0	197	
7: 658	195	108	100	10	1	0	116	
8: 659	194	107	100	7	1	0	50	
9: 660	196	107	100	5	1	0	26	
10: 661	196	107	100	5	1	0	25	
11: 662	195	106	100	2	1	0	5	
Minimal Distance:0.455155
Minimal Index:2
Result:RightHandRightToLeftSwipe

NumberOfFeatureVectors: 10
NumberOfFeatures: 8
0: 707	316	92	100	-18	2	0	333	
1: 708	326	89	100	-18	3	0	333	
2: 710	338	86	100	-18	3	0	333	
3: 710	345	84	100	-18	3	0	333	
4: 711	351	82	100	-18	3	0	333	
5: 712	355	81	100	-12	3	0	153	
6: 713	357	80	100	-10	3	0	109	
7: 715	357	79	100	-7	2	0	53	
8: 715	358	78	100	-6	2	0	40	
9: 716	359	78	100	-4	1	0	17	
Minimal Distance:0.695487
Minimal Index:3
Result:RightHandLeftToRightSwipe

NumberOfFeatureVectors: 24
NumberOfFeatures: 8
0: 768	198	114	100	9	0	0	121	
1: 769	192	113	100	6	0	0	81	
2: 770	198	113	100	3	0	0	37	
3: 771	202	113	100	2	0	0	36	
4: 772	201	111	100	2	0	0	36	
5: 773	209	110	100	1	1	0	37	
6: 774	218	109	100	1	1	0	37	
7: 775	231	107	100	-4	1	0	65	
8: 776	245	108	100	-6	1	0	65	
9: 777	253	103	100	-8	1	0	65	
10: 778	266	99	100	-8	1	0	82	
11: 779	281	97	100	-9	2	0	89	
12: 780	300	97	100	-13	2	0	173	
13: 781	318	95	100	-13	2	0	185	
14: 782	328	97	100	-13	2	0	185	
15: 783	338	97	100	-13	2	0	185	
16: 784	354	94	100	-14	2	0	197	
17: 785	360	93	100	-13	2	0	185	
18: 786	365	92	100	-13	1	0	185	
19: 787	368	91	100	-10	1	0	104	
20: 788	370	91	100	-10	1	0	100	
21: 789	372	90	100	-6	1	0	37	
22: 790	372	90	100	-5	1	0	26	
23: 791	372	89	100	-3	1	0	10	
Minimal Distance:1.43604
Minimal Index:3
Result:RightHandLeftToRightSwipe

NumberOfFeatureVectors: 11
NumberOfFeatures: 8
0: 901	312	92	100	-12	3	0	145	
1: 902	325	90	100	-12	3	0	173	
2: 903	335	87	100	-12	3	0	173	
3: 904	344	82	100	-12	3	0	173	
4: 905	350	79	100	-12	3	0	173	
5: 906	361	76	100	-12	3	0	173	
6: 907	365	75	100	-11	3	0	130	
7: 908	368	74	100	-10	3	0	109	
8: 909	371	74	100	-9	3	0	106	
9: 910	372	75	100	-6	2	0	45	
10: 911	373	76	100	-4	1	0	17	
Minimal Distance:0.583274
Minimal Index:3
Result:RightHandLeftToRightSwipe

NumberOfFeatureVectors: 10
NumberOfFeatures: 8
0: 977	337	47	100	-1	13	0	173	
1: 978	333	34	100	-1	13	0	185	
2: 979	331	24	100	2	13	0	185	
3: 980	331	14	100	2	13	0	185	
4: 981	328	10	100	3	13	0	185	
5: 982	324	12	100	3	13	0	185	
6: 983	322	14	100	3	10	0	104	
7: 984	320	16	100	3	10	0	100	
8: 985	319	12	100	2	4	0	25	
9: 986	318	8	100	2	4	0	20	
Minimal Distance:0.771916
Minimal Index:1
Result:RightHandDownToUpSwipe

NumberOfFeatureVectors: 13
NumberOfFeatures: 8
0: 1087	276	49	100	11	-1	0	122	
1: 1088	267	54	100	11	-1	0	122	
2: 1089	257	60	100	11	-1	0	130	
3: 1090	248	62	100	11	-1	0	130	
4: 1091	239	63	100	11	-1	0	130	
5: 1092	226	59	100	11	-1	0	130	
6: 1093	206	53	100	11	-1	0	136	
7: 1094	199	54	100	10	-1	0	130	
8: 1095	196	56	100	9	-2	0	106	
9: 1096	195	58	100	9	-2	0	85	
10: 1097	195	60	100	9	-2	0	82	
11: 1098	196	63	100	7	-2	0	50	
12: 1099	197	64	100	3	-1	0	13	
Minimal Distance:0.360809
Minimal Index:2
Result:RightHandRightToLeftSwipe

NumberOfFeatureVectors: 11
NumberOfFeatures: 8
0: 1143	304	69	100	-12	-1	0	153	
1: 1144	317	68	100	-13	1	0	170	
2: 1145	326	66	100	-13	1	0	170	
3: 1146	334	64	100	-13	1	0	170	
4: 1147	339	62	100	-13	2	0	170	
5: 1148	344	61	100	-13	1	0	170	
6: 1149	348	60	100	-9	1	0	85	
7: 1150	350	60	100	-8	1	0	68	
8: 1151	349	59	100	-5	1	0	29	
9: 1152	349	58	100	-5	1	0	26	
10: 1153	348	57	100	-4	1	0	17	
Minimal Distance:0.558772
Minimal Index:3
Result:RightHandLeftToRightSwipe

NumberOfFeatureVectors: 10
NumberOfFeatures: 8
0: 1230	335	29	100	1	11	0	130	
1: 1231	334	13	100	1	14	0	200	
2: 1232	331	1	100	1	14	0	200	
3: 1233	327	-3	100	1	14	0	200	
4: 1234	323	-8	100	2	14	0	200	
5: 1235	321	-11	100	2	14	0	200	
6: 1236	319	-12	100	2	12	0	153	
7: 1237	316	-13	100	2	5	0	41	
8: 1238	314	-14	100	2	4	0	32	
9: 1239	313	-15	100	2	3	0	13	
Minimal Distance:0.776649
Minimal Index:1
Result:RightHandDownToUpSwipe

NumberOfFeatureVectors: 10
NumberOfFeatures: 8
0: 1373	247	78	100	13	0	0	170	
1: 1374	234	79	100	13	0	0	170	
2: 1375	218	91	100	15	0	0	226	
3: 1376	208	97	100	15	-1	0	226	
4: 1377	203	100	100	15	-1	0	226	
5: 1378	200	101	100	13	-1	0	170	
6: 1379	198	102	100	13	-1	0	170	
7: 1380	197	103	100	10	-1	0	136	
8: 1381	197	103	100	5	-1	0	34	
9: 1383	198	102	100	3	-1	0	10	
Minimal Distance:0.697488
Minimal Index:2
Result:RightHandRightToLeftSwipe

NumberOfFeatureVectors: 10
NumberOfFeatures: 8
0: 1605	267	82	100	11	0	0	122	
1: 1606	246	84	100	13	0	0	169	
2: 1607	230	82	100	16	0	0	260	
3: 1608	211	75	100	17	0	0	325	
4: 1609	210	78	100	17	0	0	325	
5: 1610	206	80	100	17	0	0	325	
6: 1611	200	82	100	17	-2	0	325	
7: 1612	196	83	100	16	-2	0	260	
8: 1613	193	83	100	6	-2	0	40	
9: 1614	190	84	100	4	-1	0	20	
Minimal Distance:0.697499
Minimal Index:2
Result:RightHandRightToLeftSwipe

NumberOfFeatureVectors: 9
NumberOfFeatures: 8
0: 1885	345	10	100	-1	12	0	160	
1: 1886	338	9	100	-1	12	0	160	
2: 1887	332	6	100	0	12	0	160	
3: 1888	327	2	100	1	9	0	81	
4: 1889	324	1	100	3	9	0	81	
5: 1890	321	1	100	3	4	0	50	
6: 1891	320	1	100	3	3	0	45	
7: 1892	318	1	100	3	1	0	41	
8: 1893	317	1	100	3	1	0	10	
Minimal Distance:0.947814
Minimal Index:1
Result:RightHandDownToUpSwipe

NumberOfFeatureVectors: 17
NumberOfFeatures: 8
0: 2157	166	142	100	-8	-6	0	125	
1: 2158	169	144	100	-8	-6	0	125	
2: 2159	170	146	100	-8	-4	0	100	
3: 2160	174	146	100	-8	-3	0	100	
4: 2161	163	141	100	-8	-2	0	146	
5: 2162	146	138	100	-4	-2	0	146	
6: 2163	138	136	100	-3	-2	0	146	
7: 2164	129	133	100	-1	0	0	90	
8: 2165	113	126	100	8	2	0	90	
9: 2166	94	116	100	9	3	0	90	
10: 2167	86	111	100	9	3	0	90	
11: 2168	81	109	100	9	3	0	90	
12: 2169	77	107	100	9	3	0	90	
13: 2170	74	105	100	8	3	0	89	
14: 2171	72	103	100	8	2	0	68	
15: 2172	71	102	100	5	2	0	29	
16: 2173	70	101	100	4	2	0	20	
Minimal Distance:0.925938
Minimal Index:0
Result:RightHandUpToDownSwipe

NumberOfFeatureVectors: 18
NumberOfFeatures: 8
0: 2230	149	100	100	-11	-1	0	121	
1: 2231	161	99	100	-12	0	0	145	
2: 2232	179	99	100	-12	0	0	148	
3: 2233	198	94	100	-13	1	0	178	
4: 2234	204	95	100	-12	1	0	148	
5: 2235	209	94	100	-12	1	0	148	
6: 2236	214	94	100	-12	1	0	148	
7: 2237	218	93	100	-12	1	0	145	
8: 2238	223	91	100	-6	1	0	37	
9: 2239	231	88	100	-6	1	0	37	
10: 2240	252	88	100	-6	1	0	37	
11: 2241	266	89	100	-6	1	0	37	
12: 2242	273	90	100	-6	0	0	37	
13: 2243	277	91	100	-5	0	0	29	
14: 2244	280	91	100	-5	0	0	29	
15: 2245	283	92	100	-5	0	0	29	
16: 2246	287	92	100	-5	0	0	29	
17: 2247	291	92	100	-4	0	0	17	
Minimal Distance:0.637202
Minimal Index:3
Result:RightHandLeftToRightSwipe

NumberOfFeatureVectors: 9
NumberOfFeatures: 8
0: 2288	216	94	100	11	-1	0	125	
1: 2289	214	93	100	6	-1	0	40	
2: 2290	213	93	100	6	-1	0	36	
3: 2291	212	92	100	2	0	0	5	
4: 2292	216	92	100	2	0	0	5	
5: 2293	219	92	100	1	0	0	5	
6: 2294	220	92	100	1	0	0	5	
7: 2295	220	92	100	0	0	0	2	
8: 2296	220	92	100	0	0	0	2	
Minimal Distance:0.991123
Minimal Index:2
Result:RightHandRightToLeftSwipe

NumberOfFeatureVectors: 9
NumberOfFeatures: 8
0: 2349	346	52	100	-15	5	0	290	
1: 2350	353	52	100	-15	3	0	290	
2: 2351	357	51	100	-15	1	0	290	
3: 2352	360	50	100	-15	1	0	290	
4: 2353	362	49	100	-9	1	0	81	
5: 2354	363	49	100	-7	1	0	49	
6: 2355	363	48	100	-4	1	0	17	
7: 2356	363	48	100	-3	1	0	10	
8: 2357	363	47	100	-2	1	0	5	
Minimal Distance:0.830861
Minimal Index:3
Result:RightHandLeftToRightSwipe

NumberOfFeatureVectors: 13
NumberOfFeatures: 8
0: 2407	281	53	100	10	-2	0	170	
1: 2408	257	55	100	13	-2	0	173	
2: 2409	237	67	100	13	-2	0	234	
3: 2410	227	67	100	13	-2	0	234	
4: 2411	215	68	100	13	-1	0	173	
5: 2412	206	71	100	12	-1	0	170	
6: 2413	209	73	100	10	-1	0	145	
7: 2414	210	78	100	10	-2	0	145	
8: 2415	211	79	100	10	-2	0	100	
9: 2416	211	80	100	9	-2	0	90	
10: 2417	212	80	100	0	-1	0	26	
11: 2418	222	82	100	-1	-1	0	26	
12: 2419	226	83	100	-1	-1	0	17	
Minimal Distance:0.515391
Minimal Index:5
Result:RightHandDiagonalUpperRight2LowerLeft

NumberOfFeatureVectors: 18
NumberOfFeatures: 8
0: 2469	168	73	100	5	2	0	136	
1: 2470	163	71	100	5	2	0	136	
2: 2471	157	69	100	6	2	0	136	
3: 2472	151	67	100	6	2	0	40	
4: 2473	145	66	100	6	2	0	40	
5: 2474	141	65	100	6	2	0	40	
6: 2475	126	63	100	6	2	0	40	
7: 2476	114	61	100	6	2	0	40	
8: 2477	104	60	100	6	2	0	40	
9: 2478	100	59	100	6	2	0	40	
10: 2479	97	58	100	6	1	0	40	
11: 2481	94	58	100	6	1	0	37	
12: 2481	87	58	100	6	1	0	37	
13: 2482	69	61	100	7	1	0	49	
14: 2483	57	63	100	10	1	0	101	
15: 2484	49	65	100	8	0	0	68	
16: 2485	45	66	100	7	0	0	49	
17: 2486	45	67	100	4	-1	0	17	
Minimal Distance:0.589575
Minimal Index:2
Result:RightHandRightToLeftSwipe

NumberOfFeatureVectors: 9
NumberOfFeatures: 8
0: 2552	35	352	0	3	-5	0	10045	
1: 2553	33	355	0	2	-5	0	10045	
2: 2554	31	358	0	2	-3	0	10045	
3: 2555	30	360	0	2	-3	0	29	
4: 2556	29	361	0	2	-3	0	13	
5: 2557	29	362	0	1	-2	0	13	
6: 2558	28	362	0	1	-2	0	13	
7: 2559	28	362	0	1	-1	0	5	
8: 2560	28	362	0	1	-1	0	2	
Minimal Distance:0.877933
Minimal Index:5
Result:RightHandDiagonalUpperRight2LowerLeft

NumberOfFeatureVectors: 11
NumberOfFeatures: 8
0: 263	261	118	100	11	0	0	125	
1: 264	250	124	100	11	-2	0	137	
2: 265	241	130	100	11	-3	0	137	
3: 266	226	130	100	11	-3	0	146	
4: 267	216	128	100	11	-3	0	146	
5: 268	212	126	100	11	0	0	146	
6: 269	209	125	100	11	0	0	146	
7: 270	208	122	100	10	0	0	117	
8: 271	207	117	100	9	1	0	104	
9: 272	206	115	100	4	2	0	26	
10: 273	205	114	100	3	2	0	20	
Minimal Distance:0.566245
Minimal Index:2
Result:RightHandRightToLeftSwipe

NumberOfFeatureVectors: 9
NumberOfFeatures: 8
0: 331	333	75	100	-13	2	0	173	
1: 332	340	74	100	-13	1	0	173	
2: 333	344	74	100	-13	1	0	173	
3: 334	347	74	100	-10	1	0	101	
4: 335	349	75	100	-9	0	0	81	
5: 336	350	77	100	-7	0	0	50	
6: 337	351	79	100	-4	0	0	16	
7: 338	351	80	100	-3	0	0	9	
8: 339	352	81	100	-2	-1	0	5	
Minimal Distance:0.823654
Minimal Index:3
Result:RightHandLeftToRightSwipe

NumberOfFeatureVectors: 18
NumberOfFeatures: 8
0: 385	203	120	100	12	7	0	153	
1: 386	194	116	100	12	7	0	153	
2: 387	177	105	100	13	7	0	185	
3: 388	143	105	100	15	5	0	250	
4: 389	111	97	100	15	5	0	274	
5: 390	110	84	100	15	5	0	250	
6: 391	103	79	100	13	5	0	185	
7: 392	92	73	100	12	5	0	170	
8: 393	86	69	100	11	5	0	170	
9: 394	69	63	100	11	6	0	170	
10: 395	57	61	100	12	6	0	170	
11: 396	48	61	100	11	5	0	157	
12: 397	40	61	100	9	5	0	148	
13: 398	38	62	100	8	4	0	81	
14: 399	37	64	100	8	2	0	74	
15: 400	39	66	100	8	0	0	64	
16: 401	40	68	100	6	0	0	52	
17: 402	42	70	100	2	-1	0	8	
Minimal Distance:0.587982
Minimal Index:2
Result:RightHandRightToLeftSwipe

NumberOfFeatureVectors: 11
NumberOfFeatures: 8
0: 270	286	124	100	12	1	0	169	
1: 271	277	127	100	12	-1	0	169	
2: 272	268	130	100	12	-2	0	169	
3: 273	257	129	100	12	-2	0	169	
4: 274	243	125	100	14	-2	0	200	
5: 275	229	121	100	14	-1	0	212	
6: 276	225	120	100	14	1	0	212	
7: 277	223	119	100	11	1	0	122	
8: 278	219	118	100	9	1	0	90	
9: 279	217	117	100	9	1	0	90	
10: 280	216	117	100	4	1	0	17	
Minimal Distance:0.563684
Minimal Index:2
Result:RightHandRightToLeftSwipe

NumberOfFeatureVectors: 22
NumberOfFeatures: 8
0: 376	61	63	100	11	-1	0	122	
1: 377	50	66	100	11	-1	0	130	
2: 378	26	69	100	11	-1	0	130	
3: 379	24	70	100	11	-1	0	130	
4: 380	16	77	100	11	-1	0	130	
5: 381	8	82	100	11	-1	0	130	
6: 382	4	85	100	11	-3	0	130	
7: 384	0	88	100	8	-3	0	113	
8: 384	162	220	100	8	-3	0	113	
9: 385	187	249	100	4	-3	0	113	
10: 386	185	241	100	4	-3	0	89	
11: 387	172	246	100	4	-5	0	89	
12: 388	184	222	100	4	-5	0	113	
13: 389	183	226	100	2	-4	0	89	
14: 390	181	222	100	2	-3	0	68	
15: 391	179	219	100	2	-3	0	68	
16: 392	161	227	100	2	-4	0	194	
17: 393	135	238	100	2	-4	0	194	
18: 394	121	245	100	2	-4	0	194	
19: 395	115	248	100	6	-4	0	194	
20: 396	112	249	100	3	-3	0	45	
21: 397	112	249	100	3	-3	0	20	
Minimal Distance:1.0658
Minimal Index:5
Result:RightHandDiagonalUpperRight2LowerLeft

NumberOfFeatureVectors: 10
NumberOfFeatures: 8
0: 206	258	114	100	13	2	0	170	
1: 207	250	117	100	13	2	0	170	
2: 208	245	118	100	13	-1	0	170	
3: 209	233	116	100	13	-1	0	170	
4: 210	231	116	100	13	-1	0	170	
5: 211	223	114	100	12	-1	0	148	
6: 212	223	110	100	8	0	0	73	
7: 213	224	108	100	8	2	0	68	
8: 214	223	107	100	5	1	0	26	
9: 215	224	106	100	2	1	0	16	
Minimal Distance:0.684
Minimal Index:2
Result:RightHandRightToLeftSwipe

NumberOfFeatureVectors: 11
NumberOfFeatures: 8
0: 304	228	107	100	11	-3	0	122	
1: 305	211	101	100	16	-3	0	260	
2: 306	201	94	100	16	-2	0	260	
3: 307	194	93	100	16	1	0	260	
4: 308	189	92	100	16	1	0	260	
5: 309	183	91	100	16	1	0	260	
6: 310	183	91	100	10	1	0	149	
7: 311	182	91	100	7	1	0	50	
8: 312	183	92	100	6	1	0	37	
9: 313	184	92	100	5	1	0	26	
10: 314	184	93	100	1	0	0	2	
Minimal Distance:0.575908
Minimal Index:2
Result:RightHandRightToLeftSwipe

NumberOfFeatureVectors: 18
NumberOfFeatures: 8
0: 424	345	186	100	4	4	0	194	
1: 425	309	245	100	4	3	0	272	
2: 426	302	281	100	7	0	0	794	
3: 427	302	291	100	7	-4	0	794	
4: 428	312	281	100	4	-4	0	794	
5: 429	303	298	100	7	-10	0	794	
6: 430	299	294	100	4	-10	0	370	
7: 431	296	288	100	3	-10	0	272	
8: 432	295	283	100	3	-10	0	200	
9: 433	320	258	100	3	4	0	200	
10: 434	334	245	100	1	5	0	200	
11: 436	321	251	100	1	5	0	200	
12: 436	325	247	100	1	5	0	200	
13: 437	329	245	100	1	4	0	45	
14: 438	325	247	100	1	4	0	32	
15: 439	322	249	100	1	4	0	32	
16: 440	326	249	100	-4	2	0	26	
17: 441	326	249	100	-4	0	0	20	
Minimal Distance:0.893116
Minimal Index:2
Result:RightHandRightToLeftSwipe

NumberOfFeatureVectors: 10
NumberOfFeatures: 8
0: 475	333	243	100	-2	2	0	200	
1: 476	338	239	100	-5	4	0	145	
2: 477	342	235	100	-4	4	0	72	
3: 478	345	230	100	-4	4	0	52	
4: 479	348	226	100	-3	4	0	41	
5: 480	348	225	100	-3	4	0	34	
6: 481	349	225	100	-2	2	0	32	
7: 482	348	227	100	-1	1	0	32	
8: 483	347	229	100	-1	1	0	25	
9: 484	345	232	100	-1	1	0	13	
Minimal Distance:0.912492
Minimal Index:3
Result:RightHandLeftToRightSwipe

NumberOfFeatureVectors: 16
NumberOfFeatures: 8
0: 527	354	206	100	-5	2	0	136	
1: 528	357	201	100	-5	3	0	89	
2: 529	359	198	100	-5	3	0	45	
3: 530	360	196	100	-5	3	0	45	
4: 532	351	218	100	-3	3	0	89	
5: 532	344	234	100	-2	3	0	193	
6: 534	341	242	100	-1	2	0	89	
7: 534	339	245	100	-1	2	0	73	
8: 535	321	257	100	2	-3	0	73	
9: 536	314	262	100	3	-5	0	73	
10: 537	318	260	100	3	-5	0	73	
11: 538	323	257	100	3	-5	0	73	
12: 539	322	257	100	3	-5	0	73	
13: 540	320	257	100	2	-3	0	34	
14: 541	325	254	100	2	0	0	34	
15: 542	329	252	100	1	0	0	20	
Minimal Distance:0.761922
Minimal Index:1
Result:RightHandDownToUpSwipe

NumberOfFeatureVectors: 9
NumberOfFeatures: 8
0: 368	232	109	100	13	2	0	205	
1: 369	227	107	100	13	2	0	205	
2: 370	220	107	100	13	2	0	205	
3: 371	216	107	100	13	0	0	205	
4: 372	214	107	100	13	0	0	205	
5: 373	213	108	100	7	0	0	49	
6: 374	221	110	100	5	0	0	49	
7: 375	220	110	100	4	0	0	29	
8: 376	220	110	100	2	0	0	16	
Minimal Distance:0.823638
Minimal Index:2
Result:RightHandRightToLeftSwipe

NumberOfFeatureVectors: 16
NumberOfFeatures: 8
0: 163	296	131	100	0	13	0	173	
1: 163	300	123	100	-2	13	0	173	
2: 164	309	118	100	-2	13	0	173	
3: 165	313	116	100	-3	13	0	173	
4: 166	318	113	100	-4	8	0	106	
5: 167	328	103	100	-4	8	0	106	
6: 168	332	98	100	-4	5	0	80	
7: 169	339	89	100	-4	5	0	80	
8: 170	343	83	100	-4	6	0	80	
9: 172	348	77	100	-5	6	0	61	
10: 172	353	72	100	-5	5	0	52	
11: 173	356	69	100	-5	5	0	50	
12: 174	358	67	100	-5	5	0	50	
13: 175	360	65	100	-4	5	0	50	
14: 177	362	64	100	-4	5	0	41	
15: 177	362	65	100	-3	3	0	18	
Minimal Distance:0.387833
Minimal Index:1
Result:RightHandDownToUpSwipe

NumberOfFeatureVectors: 10
NumberOfFeatures: 8
0: 230	283	46	100	-9	0	0	130	
1: 231	307	54	100	-12	0	0	169	
2: 232	317	52	100	-12	2	0	169	
3: 233	340	51	100	-23	2	0	530	
4: 234	343	51	100	-23	2	0	530	
5: 235	348	51	100	-23	2	0	530	
6: 236	350	51	100	-23	1	0	530	
7: 237	349	52	100	-10	0	0	104	
8: 238	347	52	100	-5	0	0	25	
9: 239	345	52	100	-3	0	0	9	
Minimal Distance:0.683273
Minimal Index:3
Result:RightHandLeftToRightSwipe

NumberOfFeatureVectors: 44
NumberOfFeatures: 8
0: 274	132	205	100	16	9	0	272	
1: 275	121	195	100	16	10	0	272	
2: 276	116	191	100	16	10	0	272	
3: 277	101	181	100	15	10	0	325	
4: 278	94	176	100	15	10	0	325	
5: 279	85	173	100	11	9	0	221	
6: 280	71	173	100	11	5	0	196	
7: 281	66	172	100	10	4	0	116	
8: 282	63	172	100	9	4	0	90	
9: 284	60	172	100	7	3	0	74	
10: 284	62	172	100	5	1	0	41	
11: 285	56	177	100	6	0	0	61	
12: 286	51	179	100	5	0	0	29	
13: 287	126	229	100	5	0	0	29	
14: 288	81	215	100	5	0	0	29	
15: 289	74	217	100	5	0	0	29	
16: 290	63	213	100	5	0	0	53	
17: 291	94	219	100	5	-2	0	61	
18: 292	111	222	100	5	-2	0	137	
19: 293	140	72	100	5	-2	0	298	
20: 294	165	48	100	-17	-2	0	997	
21: 295	193	26	100	-25	4	0	1201	
22: 296	93	86	100	-17	4	0	1201	
23: 297	83	79	100	-17	4	0	997	
24: 298	56	91	100	-17	4	0	997	
25: 299	42	101	100	-17	-3	0	997	
26: 300	35	107	100	7	-3	0	873	
27: 301	33	110	100	7	-3	0	873	
28: 302	169	195	100	7	-6	0	873	
29: 304	194	219	100	7	-10	0	873	
30: 304	235	84	100	7	-10	0	873	
31: 305	254	71	100	2	-6	0	530	
32: 306	250	50	100	2	-6	0	530	
33: 307	243	37	100	2	-3	0	457	
34: 308	203	98	100	2	-3	0	530	
35: 309	195	98	100	2	0	0	530	
36: 310	180	121	100	4	0	0	754	
37: 311	173	128	100	7	0	0	530	
38: 312	171	130	100	7	0	0	457	
39: 313	173	126	100	7	0	0	218	
40: 314	177	120	100	7	0	0	98	
41: 315	179	118	100	7	0	0	64	
42: 316	180	117	100	2	0	0	52	
43: 317	181	117	100	-1	0	0	20	
Minimal Distance:4.02589
Minimal Index:5
Result:RightHandDiagonalUpperRight2LowerLeft

NumberOfFeatureVectors: 12
NumberOfFeatures: 8
0: 404	207	118	100	16	-1	0	292	
1: 405	193	113	100	16	3	0	292	
2: 406	173	108	100	20	3	0	425	
3: 407	162	106	100	20	2	0	425	
4: 408	191	107	100	20	-1	0	677	
5: 409	183	104	100	16	-1	0	425	
6: 410	189	103	100	14	1	0	425	
7: 411	193	102	100	11	1	0	221	
8: 412	197	102	100	8	1	0	125	
9: 413	200	102	100	-3	1	0	73	
10: 414	202	101	100	-3	1	0	37	
11: 415	204	101	100	-3	1	0	17	
Minimal Distance:0.656516
Minimal Index:2
Result:RightHandRightToLeftSwipe

NumberOfFeatureVectors: 12
NumberOfFeatures: 8
0: 506	264	90	100	16	-1	0	260	
1: 507	238	94	100	18	-2	0	328	
2: 508	212	89	100	18	-2	0	340	
3: 509	194	86	100	18	-1	0	340	
4: 510	188	87	100	18	-1	0	340	
5: 511	172	87	100	18	0	0	333	
6: 512	179	85	100	18	1	0	333	
7: 513	180	85	100	18	0	0	333	
8: 514	182	84	100	16	1	0	256	
9: 515	185	84	100	6	0	0	53	
10: 516	187	84	100	-1	0	0	37	
11: 517	188	84	100	-1	0	0	9	
Minimal Distance:0.576131
Minimal Index:2
Result:RightHandRightToLeftSwipe

NumberOfFeatureVectors: 22
NumberOfFeatures: 8
0: 555	98	87	100	8	6	0	125	
1: 556	87	85	100	11	4	0	125	
2: 557	71	83	100	13	4	0	185	
3: 558	61	82	100	13	3	0	185	
4: 559	56	82	100	13	2	0	185	
5: 560	53	82	100	13	2	0	185	
6: 561	44	83	100	11	2	0	125	
7: 562	38	84	100	10	1	0	101	
8: 563	32	85	100	9	0	0	82	
9: 564	19	85	100	9	0	0	82	
10: 565	13	84	100	6	0	0	37	
11: 566	0	83	100	6	0	0	37	
12: 567	21	84	100	6	0	0	37	
13: 568	31	84	100	6	0	0	82	
14: 569	12	84	100	6	0	0	100	
15: 570	2	84	100	6	0	0	100	
16: 571	-4	83	100	6	0	0	100	
17: 572	-7	81	100	6	0	0	100	
18: 573	-10	78	100	6	1	0	100	
19: 574	-11	75	100	3	1	0	100	
20: 575	-11	72	100	3	1	0	37	
21: 576	-11	70	100	3	2	0	18	
Minimal Distance:1.09264
Minimal Index:2
Result:RightHandRightToLeftSwipe

NumberOfFeatureVectors: 24
NumberOfFeatures: 8
0: 691	228	114	100	-17	-1	0	289	
1: 693	280	62	100	-17	0	0	289	
2: 693	224	140	100	-7	0	0	289	
3: 694	259	95	100	-17	0	0	3250	
4: 695	277	99	100	-18	0	0	3250	
5: 696	276	100	100	-18	0	0	3250	
6: 697	284	101	100	-18	-1	0	3250	
7: 698	288	103	100	-18	-1	0	3250	
8: 699	290	103	100	-8	-1	0	340	
9: 700	297	106	100	-7	-1	0	65	
10: 701	308	110	100	-7	-2	0	65	
11: 702	314	112	100	-7	-2	0	58	
12: 703	319	113	100	-6	-2	0	40	
13: 704	324	112	100	-5	-1	0	26	
14: 705	330	110	100	-6	-1	0	40	
15: 706	344	104	100	-6	-1	0	40	
16: 707	351	101	100	-6	0	0	40	
17: 708	362	96	100	-7	1	0	58	
18: 709	366	94	100	-6	2	0	40	
19: 710	369	93	100	-6	2	0	40	
20: 711	372	92	100	-5	2	0	26	
21: 712	379	87	100	-6	2	0	40	
22: 713	382	85	100	-6	2	0	40	
23: 714	384	83	100	-4	2	0	20	
Minimal Distance:1.39465
Minimal Index:3
Result:RightHandLeftToRightSwipe

NumberOfFeatureVectors: 10
NumberOfFeatures: 8
0: 764	344	65	100	-9	1	0	130	
1: 765	361	60	100	-17	4	0	314	
2: 766	372	57	100	-17	4	0	314	
3: 767	383	56	100	-17	4	0	314	
4: 768	389	55	100	-17	4	0	314	
5: 769	393	55	100	-17	3	0	314	
6: 770	396	56	100	-11	1	0	130	
7: 771	397	57	100	-11	1	0	122	
8: 772	398	57	100	-6	1	0	37	
9: 773	399	58	100	-4	0	0	16	
Minimal Distance:0.689452
Minimal Index:3
Result:RightHandLeftToRightSwipe

NumberOfFeatureVectors: 11
NumberOfFeatures: 8
0: 813	250	91	100	13	-1	0	170	
1: 814	235	93	100	13	-2	0	173	
2: 815	198	92	100	15	-2	0	229	
3: 817	190	89	100	15	-2	0	229	
4: 817	184	86	100	15	-1	0	229	
5: 818	183	86	100	15	0	0	229	
6: 819	191	87	100	15	-1	0	229	
7: 820	192	87	100	8	0	0	73	
8: 821	196	88	100	6	0	0	65	
9: 822	198	88	100	1	0	0	45	
10: 824	200	88	100	-1	0	0	17	
Minimal Distance:0.635342
Minimal Index:2
Result:RightHandRightToLeftSwipe

NumberOfFeatureVectors: 17
NumberOfFeatures: 8
0: 920	145	163	100	-9	-8	0	233	
1: 921	167	166	100	-10	-8	0	289	
2: 922	182	173	100	-11	-8	0	289	
3: 923	204	170	100	-15	-8	0	296	
4: 924	221	170	100	-15	-7	0	296	
5: 925	240	166	100	-17	-6	0	346	
6: 926	246	171	100	-17	-5	0	346	
7: 927	261	165	100	-17	-3	0	346	
8: 928	273	164	100	-17	0	0	289	
9: 929	278	163	100	-15	1	0	274	
10: 930	281	161	100	-15	1	0	261	
11: 931	287	150	100	-12	2	0	157	
12: 932	290	145	100	-6	2	0	145	
13: 933	292	142	100	-6	3	0	61	
14: 934	293	142	100	-5	2	0	34	
15: 935	294	143	100	-3	2	0	26	
16: 936	296	143	100	-3	1	0	13	
Minimal Distance:0.507445
Minimal Index:3
Result:RightHandLeftToRightSwipe

NumberOfFeatureVectors: 10
NumberOfFeatures: 8
0: 974	242	95	100	21	-1	0	442	
1: 975	225	92	100	21	-1	0	442	
2: 976	213	89	100	21	-1	0	442	
3: 977	207	88	100	21	1	0	442	
4: 978	207	88	100	21	1	0	442	
5: 979	208	88	100	17	0	0	298	
6: 980	209	88	100	12	0	0	153	
7: 981	216	89	100	6	0	0	50	
8: 982	212	87	100	4	1	0	37	
9: 983	209	85	100	3	1	0	20	
Minimal Distance:0.683849
Minimal Index:2
Result:RightHandRightToLeftSwipe

NumberOfFeatureVectors: 46
NumberOfFeatures: 8
0: 1045	279	112	100	10	-4	0	149	
1: 1046	259	113	100	11	-4	0	170	
2: 1047	245	113	100	11	-4	0	196	
3: 1048	237	114	100	11	-4	0	196	
4: 1049	231	114	100	11	-3	0	196	
5: 1050	211	108	100	12	-1	0	202	
6: 1051	198	103	100	13	-1	0	196	
7: 1052	184	97	100	14	0	0	196	
8: 1053	175	94	100	14	0	0	196	
9: 1054	152	89	100	14	3	0	196	
10: 1055	129	84	100	14	5	0	196	
11: 1056	110	81	100	14	5	0	232	
12: 1057	99	80	100	14	5	0	232	
13: 1058	88	80	100	14	5	0	232	
14: 1059	77	80	100	13	3	0	194	
15: 1060	63	81	100	14	3	0	197	
16: 1062	57	82	100	11	1	0	122	
17: 1062	53	83	100	11	0	0	122	
18: 1063	57	86	100	11	0	0	121	
19: 1064	51	90	100	11	-1	0	121	
20: 1065	44	94	100	7	-1	0	65	
21: 1066	31	96	100	7	-1	0	65	
22: 1068	24	97	100	7	-1	0	52	
23: 1068	19	97	100	6	-1	0	50	
24: 1069	5	95	100	6	-1	0	50	
25: 1070	-1	94	100	6	-1	0	50	
26: 1071	127	222	100	6	-2	0	52	
27: 1072	178	135	100	6	-1	0	65	
28: 1073	212	127	100	6	0	0	173	
29: 1074	225	100	100	5	1	0	200	
30: 1075	221	74	100	4	2	0	692	
31: 1076	212	49	100	4	8	0	706	
32: 1077	185	21	0	4	25	0	898	
33: 1078	162	5	0	4	25	0	898	
34: 1079	151	-2	0	4	25	0	898	
35: 1080	148	-2	0	4	25	0	785	
36: 1081	149	1	100	4	16	0	785	
37: 1082	177	58	100	4	16	0	785	
38: 1083	192	87	100	4	7	0	785	
39: 1084	197	98	100	3	0	0	785	
40: 1085	200	104	100	-1	-3	0	785	
41: 1086	202	107	100	-2	-3	0	170	
42: 1087	203	107	100	-2	-3	0	146	
43: 1088	202	104	100	-2	-3	0	45	
44: 1089	201	101	100	-2	-3	0	45	
45: 1090	201	98	100	-2	-3	0	13	
Minimal Distance:4.23406
Minimal Index:2
Result:RightHandRightToLeftSwipe

NumberOfFeatureVectors: 11
NumberOfFeatures: 8
0: 406	246	88	100	11	0	0	122	
1: 407	229	95	100	13	-1	0	170	
2: 408	215	92	100	14	-1	0	205	
3: 409	196	90	100	17	-1	0	338	
4: 410	185	88	100	17	-1	0	338	
5: 411	178	89	100	17	-1	0	338	
6: 412	176	91	100	17	-2	0	338	
7: 413	173	93	100	14	-2	0	205	
8: 414	172	95	100	11	-2	0	125	
9: 415	172	96	100	7	-1	0	50	
10: 416	173	98	100	3	-1	0	13	
Minimal Distance:0.578725
Minimal Index:2
Result:RightHandRightToLeftSwipe

NumberOfFeatureVectors: 11
NumberOfFeatures: 8
0: 480	280	38	100	-11	4	0	146	
1: 481	311	37	100	-18	4	0	333	
2: 482	323	37	100	-18	4	0	333	
3: 483	329	28	100	-18	5	0	333	
4: 484	338	24	100	-18	5	0	333	
5: 485	348	21	100	-18	4	0	333	
6: 486	352	19	100	-12	4	0	144	
7: 487	354	18	100	-10	3	0	117	
8: 488	356	18	100	-9	2	0	109	
9: 489	357	18	100	-6	1	0	97	
10: 490	358	19	100	-4	1	0	20	
Minimal Distance:0.583387
Minimal Index:3
Result:RightHandLeftToRightSwipe

NumberOfFeatureVectors: 10
NumberOfFeatures: 8
0: 527	211	68	100	17	-5	0	333	
1: 528	206	69	100	17	-5	0	333	
2: 529	201	72	100	17	-4	0	325	
3: 530	186	69	100	17	-3	0	325	
4: 531	179	69	100	15	-1	0	234	
5: 532	176	69	100	15	0	0	226	
6: 533	173	69	100	7	0	0	49	
7: 534	172	70	100	5	0	0	34	
8: 535	171	71	100	5	0	0	26	
9: 536	171	71	100	3	0	0	9	
Minimal Distance:0.693619
Minimal Index:2
Result:RightHandRightToLeftSwipe

NumberOfFeatureVectors: 25
NumberOfFeatures: 8
0: 715	159	95	100	-11	1	0	130	
1: 716	189	92	100	-13	3	0	185	
2: 717	208	90	100	-13	3	0	205	
3: 718	226	81	100	-14	3	0	212	
4: 720	236	78	100	-14	3	0	212	
5: 720	262	73	100	-14	4	0	232	
6: 721	279	71	100	-17	4	0	293	
7: 722	297	68	100	-18	3	0	333	
8: 723	305	72	100	-18	3	0	333	
9: 724	313	73	100	-18	3	0	333	
10: 725	318	77	100	-17	2	0	293	
11: 726	331	84	100	-13	2	0	218	
12: 727	337	86	100	-10	-1	0	109	
13: 728	343	89	100	-8	-2	0	80	
14: 729	350	89	100	-8	-2	0	65	
15: 730	357	88	100	-7	-2	0	50	
16: 731	362	87	100	-7	-2	0	49	
17: 732	374	82	100	-7	-1	0	49	
18: 733	380	80	100	-6	0	0	45	
19: 734	384	78	100	-6	1	0	45	
20: 735	388	75	100	-6	1	0	40	
21: 736	391	74	100	-6	1	0	40	
22: 737	392	72	100	-5	2	0	26	
23: 738	394	71	100	-4	2	0	25	
24: 739	395	71	100	-4	2	0	20	
Minimal Distance:1.54386
Minimal Index:3
Result:RightHandLeftToRightSwipe

NumberOfFeatureVectors: 11
NumberOfFeatures: 8
0: 776	344	10	100	2	11	0	125	
1: 777	338	8	100	4	11	0	125	
2: 778	336	9	100	4	11	0	125	
3: 779	333	1	100	4	11	0	125	
4: 780	331	-6	100	4	8	0	73	
5: 782	331	-12	100	4	8	0	73	
6: 782	331	-17	100	3	7	0	53	
7: 783	332	-19	100	2	6	0	40	
8: 784	333	-20	100	2	5	0	36	
9: 785	334	-21	100	0	2	0	25	
10: 786	334	-21	100	0	2	0	5	
Minimal Distance:0.705358
Minimal Index:1
Result:RightHandDownToUpSwipe

NumberOfFeatureVectors: 9
NumberOfFeatures: 8
0: 871	310	28	100	0	12	0	144	
1: 872	308	17	100	2	12	0	144	
2: 873	307	12	100	2	12	0	144	
3: 874	308	10	100	2	12	0	144	
4: 875	308	7	100	2	11	0	125	
5: 876	309	5	100	2	10	0	109	
6: 877	310	2	100	1	5	0	26	
7: 878	311	0	100	0	3	0	10	
8: 879	312	-2	100	-1	3	0	9	
Minimal Distance:0.909252
Minimal Index:1
Result:RightHandDownToUpSwipe

NumberOfFeatureVectors: 16
NumberOfFeatures: 8
0: 1094	225	124	100	11	2	0	130	
1: 1095	213	119	100	12	3	0	169	
2: 1096	200	116	100	13	3	0	170	
3: 1097	190	109	100	12	3	0	169	
4: 1098	176	104	100	13	5	0	178	
5: 1099	148	99	100	13	5	0	178	
6: 1100	125	96	100	14	5	0	221	
7: 1101	104	94	100	14	5	0	221	
8: 1102	76	92	100	14	3	0	221	
9: 1103	64	92	100	14	3	0	221	
10: 1104	60	94	100	14	3	0	221	
11: 1105	47	95	100	14	2	0	221	
12: 1106	44	96	100	14	2	0	221	
13: 1107	43	96	100	13	0	0	170	
14: 1108	45	97	100	12	0	0	144	
15: 1110	47	97	100	4	0	0	20	
Minimal Distance:0.306938
Minimal Index:2
Result:RightHandRightToLeftSwipe

NumberOfFeatureVectors: 11
NumberOfFeatures: 8
0: 154	289	41	100	7	2	0	160	
1: 155	274	21	100	8	6	0	162	
2: 156	267	12	100	8	9	0	160	
3: 157	260	1	100	8	9	0	162	
4: 158	258	-4	100	8	9	0	162	
5: 159	256	-9	100	8	9	0	162	
6: 160	255	-12	100	7	9	0	162	
7: 161	255	-14	100	7	9	0	130	
8: 162	256	-16	100	2	5	0	29	
9: 163	257	-16	100	2	5	0	29	
10: 164	258	-16	100	1	3	0	10	
Minimal Distance:0.713864
Minimal Index:2
Result:RightHandRightToLeftSwipe

NumberOfFeatureVectors: 11
NumberOfFeatures: 8
0: 332	145	108	100	13	0	0	173	
1: 333	115	104	100	13	0	0	173	
2: 334	90	99	100	25	0	0	626	
3: 335	66	95	100	25	0	0	626	
4: 336	65	95	100	25	0	0	626	
5: 337	52	91	100	25	2	0	626	
6: 338	57	92	100	25	2	0	626	
7: 339	57	92	100	24	2	0	592	
8: 340	59	92	100	13	2	0	185	
9: 341	60	93	100	1	0	0	26	
10: 342	60	93	100	0	0	0	4	
Minimal Distance:0.629808
Minimal Index:2
Result:RightHandRightToLeftSwipe

NumberOfFeatureVectors: 15
NumberOfFeatures: 8
0: 509	164	148	100	-11	-4	0	130	
1: 510	173	152	100	-11	-4	0	130	
2: 511	210	154	100	-11	-4	0	130	
3: 512	239	154	100	-12	-4	0	244	
4: 513	257	154	100	-16	-4	0	281	
5: 514	280	155	100	-18	-3	0	324	
6: 515	286	154	100	-18	-2	0	324	
7: 516	292	156	100	-16	-2	0	281	
8: 517	298	157	100	-11	-1	0	130	
9: 518	309	156	100	-11	-1	0	122	
10: 519	313	155	100	-11	0	0	122	
11: 520	317	155	100	-6	0	0	40	
12: 521	320	155	100	-6	0	0	37	
13: 522	324	155	100	-6	0	0	37	
14: 523	326	156	100	-4	0	0	17	
Minimal Distance:0.237649
Minimal Index:4
Result:RightHandDiagonalUpperLeft2LowerRight

NumberOfFeatureVectors: 12
NumberOfFeatures: 8
0: 652	329	60	100	-15	-4	0	241	
1: 653	349	69	100	-18	-6	0	360	
2: 654	362	77	100	-18	-7	0	360	
3: 655	374	85	100	-18	-8	0	360	
4: 656	391	97	100	-18	-8	0	433	
5: 657	396	102	100	-17	-8	0	433	
6: 658	400	107	100	-15	-8	0	241	
7: 659	401	110	100	-13	-8	0	233	
8: 660	401	113	100	-12	-8	0	208	
9: 661	401	115	100	-5	-5	0	50	
10: 662	401	117	100	-4	-5	0	41	
11: 663	401	118	100	-1	-3	0	10	
Minimal Distance:0.428006
Minimal Index:4
Result:RightHandDiagonalUpperLeft2LowerRight

NumberOfFeatureVectors: 12
NumberOfFeatures: 8
0: 765	339	72	100	-11	-7	0	170	
1: 766	356	84	100	-12	-9	0	225	
2: 767	372	94	100	-13	-10	0	269	
3: 769	385	104	100	-13	-10	0	269	
4: 769	393	110	100	-13	-10	0	269	
5: 770	398	115	100	-13	-10	0	269	
6: 771	403	119	100	-13	-10	0	269	
7: 772	405	121	100	-13	-10	0	269	
8: 773	407	122	100	-8	-6	0	100	
9: 774	408	123	100	-5	-5	0	50	
10: 775	409	124	100	-5	-4	0	41	
11: 776	410	124	100	-2	-2	0	8	
Minimal Distance:0.409156
Minimal Index:4
Result:RightHandDiagonalUpperLeft2LowerRight

NumberOfFeatureVectors: 14
NumberOfFeatures: 8
0: 1022	343	72	100	10	2	0	125	
1: 1024	324	69	100	12	3	0	153	
2: 1024	307	66	100	12	3	0	169	
3: 1025	297	66	100	12	3	0	169	
4: 1026	279	74	100	17	3	0	298	
5: 1027	269	79	100	17	3	0	298	
6: 1028	259	78	100	17	2	0	298	
7: 1029	245	78	100	17	1	0	298	
8: 1030	239	77	100	14	1	0	196	
9: 1031	235	77	100	10	0	0	125	
10: 1032	232	77	100	10	0	0	101	
11: 1033	230	77	100	10	0	0	100	
12: 1034	230	77	100	6	0	0	37	
13: 1035	230	78	100	4	0	0	16	
Minimal Distance:0.251235
Minimal Index:2
Result:RightHandRightToLeftSwipe

NumberOfFeatureVectors: 10
NumberOfFeatures: 8
0: 1075	337	67	100	-13	2	0	170	
1: 1076	346	66	100	-13	2	0	170	
2: 1077	352	66	100	-13	1	0	170	
3: 1078	365	64	100	-13	1	0	173	
4: 1079	370	63	100	-13	1	0	173	
5: 1080	373	62	100	-13	1	0	170	
6: 1081	376	62	100	-9	1	0	82	
7: 1082	378	61	100	-6	1	0	36	
8: 1083	379	61	100	-5	1	0	26	
9: 1084	380	60	100	-3	1	0	10	
Minimal Distance:0.690573
Minimal Index:3
Result:RightHandLeftToRightSwipe

NumberOfFeatureVectors: 9
NumberOfFeatures: 8
0: 1125	259	82	100	13	-1	0	170	
1: 1126	241	81	100	13	-1	0	233	
2: 1127	232	81	100	13	-1	0	170	
3: 1128	228	81	100	9	-1	0	89	
4: 1129	225	81	100	8	-1	0	81	
5: 1130	224	82	100	8	-1	0	81	
6: 1131	225	82	100	4	0	0	25	
7: 1132	222	82	100	4	0	0	16	
8: 1133	220	82	100	3	0	0	9	
Minimal Distance:0.819483
Minimal Index:2
Result:RightHandRightToLeftSwipe

NumberOfFeatureVectors: 9
NumberOfFeatures: 8
0: 1196	251	85	100	11	-1	0	121	
1: 1197	235	90	100	14	-2	0	232	
2: 1198	227	93	100	14	-2	0	232	
3: 1199	222	94	100	14	-1	0	232	
4: 1200	218	95	100	14	-1	0	232	
5: 1201	216	96	100	14	-1	0	232	
6: 1202	214	96	100	8	-1	0	73	
7: 1203	213	96	100	5	-1	0	26	
8: 1204	211	96	100	4	-1	0	17	
Minimal Distance:0.823262
Minimal Index:2
Result:RightHandRightToLeftSwipe

NumberOfFeatureVectors: 9
NumberOfFeatures: 8
0: 1244	331	71	100	-11	2	0	146	
1: 1245	332	70	100	-9	1	0	81	
2: 1246	332	70	100	-5	0	0	29	
3: 1247	332	70	100	-3	0	0	9	
4: 1248	332	70	100	-2	0	0	4	
5: 1249	332	70	100	-1	0	0	2	
6: 1250	332	70	100	0	0	0	0	
7: 1251	332	70	100	0	0	0	0	
8: 1252	332	70	100	0	0	0	0	
Minimal Distance:1.03372
Minimal Index:3
Result:RightHandLeftToRightSwipe

NumberOfFeatureVectors: 9
NumberOfFeatures: 8
0: 1304	327	72	100	-13	3	0	178	
1: 1305	335	72	100	-13	2	0	178	
2: 1306	340	71	100	-13	2	0	178	
3: 1307	343	72	100	-13	1	0	178	
4: 1308	346	72	100	-13	0	0	178	
5: 1309	349	72	100	-8	0	0	64	
6: 1310	351	72	100	-5	0	0	26	
7: 1311	352	72	100	-3	0	0	10	
8: 1312	353	71	100	-3	0	0	9	
Minimal Distance:0.818125
Minimal Index:3
Result:RightHandLeftToRightSwipe

NumberOfFeatureVectors: 9
NumberOfFeatures: 8
0: 1630	313	8	100	2	15	0	229	
1: 1631	310	-5	100	2	15	0	229	
2: 1632	308	-18	100	2	15	0	229	
3: 1633	306	-22	100	2	15	0	229	
4: 1634	304	-23	100	2	15	0	229	
5: 1635	302	-22	100	2	13	0	178	
6: 1636	301	-21	100	2	13	0	173	
7: 1637	300	-20	100	2	4	0	20	
8: 1638	300	-19	100	2	1	0	5	
Minimal Distance:0.910651
Minimal Index:1
Result:RightHandDownToUpSwipe

NumberOfFeatureVectors: 13
NumberOfFeatures: 8
0: 1822	178	135	100	11	3	0	130	
1: 1823	159	128	100	13	3	0	169	
2: 1824	148	123	100	11	4	0	146	
3: 1825	135	119	100	11	4	0	146	
4: 1826	114	112	100	13	5	0	185	
5: 1827	104	108	100	13	5	0	185	
6: 1828	97	106	100	13	5	0	185	
7: 1829	92	105	100	13	5	0	185	
8: 1830	89	104	100	11	4	0	146	
9: 1831	87	103	100	10	4	0	116	
10: 1832	86	103	100	7	2	0	53	
11: 1833	84	104	100	5	1	0	26	
12: 1834	83	104	100	3	1	0	10	
Minimal Distance:0.355132
Minimal Index:2
Result:RightHandRightToLeftSwipe

NumberOfFeatureVectors: 22
NumberOfFeatures: 8
0: 1921	168	104	100	-12	-1	0	153	
1: 1922	185	102	100	-16	2	0	260	
2: 1923	203	103	100	-17	2	0	293	
3: 1924	212	95	100	-17	2	0	293	
4: 1925	229	93	100	-17	2	0	293	
5: 1926	246	90	100	-17	3	0	293	
6: 1927	264	83	100	-17	3	0	298	
7: 1928	278	79	100	-17	3	0	298	
8: 1929	288	73	100	-17	3	0	293	
9: 1930	305	64	100	-17	4	0	293	
10: 1931	313	60	100	-17	4	0	293	
11: 1932	319	58	100	-14	4	0	212	
12: 1933	324	57	100	-14	4	0	212	
13: 1934	328	57	100	-10	4	0	136	
14: 1935	331	57	100	-8	4	0	80	
15: 1936	335	57	100	-6	2	0	40	
16: 1937	338	58	100	-5	1	0	26	
17: 1938	343	59	100	-5	0	0	26	
18: 1939	353	60	100	-5	0	0	26	
19: 1940	359	61	100	-5	0	0	26	
20: 1941	364	62	100	-5	-1	0	26	
21: 1942	367	63	100	-4	-1	0	16	
Minimal Distance:1.15634
Minimal Index:3
Result:RightHandLeftToRightSwipe

NumberOfFeatureVectors: 13
NumberOfFeatures: 8
0: 2022	323	56	100	-10	2	0	125	
1: 2023	348	57	100	-10	2	0	125	
2: 2024	367	57	100	-15	2	0	229	
3: 2025	380	56	100	-15	2	0	229	
4: 2026	390	56	100	-15	1	0	229	
5: 2027	400	55	100	-15	1	0	229	
6: 2028	405	56	100	-13	0	0	170	
7: 2029	409	56	100	-13	0	0	170	
8: 2030	414	58	100	-10	0	0	101	
9: 2031	416	59	100	-10	0	0	100	
10: 2032	417	60	100	-5	0	0	29	
11: 2033	418	60	100	-5	0	0	26	
12: 2034	418	61	100	-4	-1	0	16	
Minimal Distance:0.326837
Minimal Index:3
Result:RightHandLeftToRightSwipe

NumberOfFeatureVectors: 15
NumberOfFeatures: 8
0: 2096	339	60	100	13	0	0	169	
1: 2097	324	60	100	13	0	0	170	
2: 2098	299	57	100	15	0	0	225	
3: 2099	279	52	100	15	0	0	225	
4: 2100	259	49	100	16	1	0	256	
5: 2101	242	53	100	16	1	0	257	
6: 2102	222	57	100	17	1	0	305	
7: 2104	217	68	100	17	0	0	305	
8: 2104	216	74	100	17	0	0	305	
9: 2105	224	81	100	17	-4	0	305	
10: 2106	228	83	100	17	-4	0	305	
11: 2107	230	84	100	5	-4	0	146	
12: 2108	231	84	100	1	-4	0	113	
13: 2109	231	83	100	0	-4	0	37	
14: 2110	228	80	100	0	-2	0	20	
Minimal Distance:0.251994
Minimal Index:5
Result:RightHandDiagonalUpperRight2LowerLeft

NumberOfFeatureVectors: 9
NumberOfFeatures: 8
0: 2185	342	50	100	-15	2	0	225	
1: 2186	350	50	100	-15	2	0	225	
2: 2187	358	49	100	-15	2	0	225	
3: 2188	362	49	100	-15	2	0	225	
4: 2189	365	49	100	-15	1	0	225	
5: 2190	367	49	100	-8	0	0	65	
6: 2191	368	50	100	-8	0	0	64	
7: 2192	368	51	100	-4	0	0	16	
8: 2193	369	51	100	-3	0	0	9	
Minimal Distance:0.81475
Minimal Index:3
Result:RightHandLeftToRightSwipe

NumberOfFeatureVectors: 9
NumberOfFeatures: 8
0: 2232	343	6	100	4	15	0	241	
1: 2233	342	-6	100	4	15	0	241	
2: 2234	340	-12	100	2	15	0	241	
3: 2235	339	-17	100	1	15	0	241	
4: 2236	336	-23	100	1	12	0	145	
5: 2237	334	-26	100	1	6	0	45	
6: 2238	333	-28	100	1	6	0	40	
7: 2239	332	-29	100	1	5	0	26	
8: 2240	331	-30	100	1	3	0	17	
Minimal Distance:0.901353
Minimal Index:1
Result:RightHandDownToUpSwipe

NumberOfFeatureVectors: 11
NumberOfFeatures: 8
0: 2304	350	162	100	1	-11	0	185	
1: 2305	342	177	100	4	-15	0	289	
2: 2306	334	188	100	8	-15	0	289	
3: 2307	330	195	100	8	-15	0	289	
4: 2308	326	202	100	8	-15	0	289	
5: 2309	323	206	100	8	-11	0	185	
6: 2310	321	209	100	8	-11	0	185	
7: 2311	319	209	100	4	-7	0	65	
8: 2312	318	207	100	4	-7	0	65	
9: 2313	316	204	100	3	-4	0	25	
10: 2314	315	202	100	2	-3	0	13	
Minimal Distance:0.601987
Minimal Index:0
Result:RightHandUpToDownSwipe

NumberOfFeatureVectors: 13
NumberOfFeatures: 8
0: 166	281	123	100	11	4	0	146	
1: 167	264	123	100	16	4	0	289	
2: 168	238	123	100	17	4	0	292	
3: 169	217	132	100	18	4	0	388	
4: 170	203	142	100	18	1	0	388	
5: 171	195	146	100	18	0	0	388	
6: 172	189	147	100	17	0	0	296	
7: 173	180	146	100	17	0	0	296	
8: 174	177	145	100	14	0	0	289	
9: 175	175	145	100	9	0	0	82	
10: 176	174	144	100	8	0	0	80	
11: 178	174	144	100	6	0	0	37	
12: 178	175	144	100	3	0	0	10	
Minimal Distance:0.360444
Minimal Index:2
Result:RightHandRightToLeftSwipe

NumberOfFeatureVectors: 11
NumberOfFeatures: 8
0: 213	298	113	100	-13	4	0	205	
1: 214	316	110	100	-16	4	0	281	
2: 215	335	107	100	-18	4	0	333	
3: 217	343	105	100	-18	4	0	333	
4: 217	351	106	100	-18	4	0	333	
5: 218	360	107	100	-18	3	0	333	
6: 219	362	108	100	-18	3	0	333	
7: 220	363	110	100	-9	2	0	82	
8: 221	363	112	100	-8	-1	0	68	
9: 222	362	116	100	-8	-1	0	65	
10: 223	361	118	100	-2	-1	0	17	
Minimal Distance:0.579541
Minimal Index:3
Result:RightHandLeftToRightSwipe

NumberOfFeatureVectors: 13
NumberOfFeatures: 8
0: 311	184	109	100	-15	0	0	226	
1: 312	239	103	100	-17	1	0	305	
2: 313	275	100	100	-19	1	0	386	
3: 314	302	97	100	-27	3	0	738	
4: 315	312	96	100	-27	3	0	738	
5: 316	336	96	100	-27	1	0	738	
6: 317	340	96	100	-27	1	0	738	
7: 318	348	96	100	-24	1	0	576	
8: 319	357	97	100	-24	1	0	576	
9: 320	359	98	100	-10	0	0	101	
10: 321	363	99	100	-9	0	0	82	
11: 322	367	101	100	-8	0	0	64	
12: 323	370	102	100	-4	-1	0	20	
Minimal Distance:0.318054
Minimal Index:3
Result:RightHandLeftToRightSwipe

NumberOfFeatureVectors: 12
NumberOfFeatures: 8
0: 373	239	105	100	-11	0	0	137	
1: 374	255	101	100	-12	0	0	144	
2: 375	280	97	100	-12	3	0	153	
3: 376	298	95	100	-13	3	0	169	
4: 377	313	94	100	-15	3	0	226	
5: 378	329	90	100	-15	4	0	241	
6: 379	335	88	100	-15	4	0	241	
7: 380	339	89	100	-15	4	0	241	
8: 381	343	91	100	-15	2	0	241	
9: 382	344	92	100	-15	2	0	226	
10: 383	346	91	100	-6	1	0	40	
11: 384	346	90	100	-4	1	0	20	
Minimal Distance:0.448907
Minimal Index:3
Result:RightHandLeftToRightSwipe

NumberOfFeatureVectors: 9
NumberOfFeatures: 8
0: 419	166	125	100	13	-1	0	361	
1: 420	162	123	100	11	-1	0	185	
2: 421	160	122	100	9	1	0	130	
3: 422	160	121	100	7	1	0	82	
4: 423	161	120	100	4	1	0	20	
5: 424	162	120	100	3	1	0	13	
6: 425	164	120	100	2	1	0	5	
7: 426	164	121	100	0	1	0	4	
8: 427	165	121	100	0	1	0	2	
Minimal Distance:0.889
Minimal Index:2
Result:RightHandRightToLeftSwipe

NumberOfFeatureVectors: 20
NumberOfFeatures: 8
0: 677	149	136	100	-12	-1	0	169	
1: 678	179	141	100	-18	-3	0	325	
2: 679	207	146	100	-19	-3	0	361	
3: 680	240	150	100	-20	-4	0	409	
4: 681	254	145	100	-20	-3	0	409	
5: 682	281	132	100	-20	-3	0	416	
6: 683	310	129	100	-27	-3	0	809	
7: 684	334	128	100	-27	-3	0	809	
8: 685	342	128	100	-27	0	0	809	
9: 686	351	127	100	-27	1	0	809	
10: 688	365	128	100	-24	1	0	577	
11: 688	370	128	100	-14	1	0	221	
12: 689	381	130	100	-14	1	0	197	
13: 690	386	131	100	-11	0	0	125	
14: 691	391	132	100	-9	0	0	82	
15: 692	394	133	100	-8	-1	0	64	
16: 693	397	134	100	-5	-1	0	26	
17: 694	398	135	100	-5	-1	0	26	
18: 695	399	136	100	-5	-1	0	25	
19: 696	399	137	100	-3	-1	0	10	
Minimal Distance:0.885486
Minimal Index:4
Result:RightHandDiagonalUpperLeft2LowerRight

NumberOfFeatureVectors: 11
NumberOfFeatures: 8
0: 761	301	97	100	-11	2	0	130	
1: 762	318	88	100	-17	3	0	340	
2: 763	327	84	100	-17	3	0	340	
3: 764	335	83	100	-17	3	0	340	
4: 765	346	85	100	-17	3	0	340	
5: 766	351	85	100	-11	3	0	130	
6: 767	355	85	100	-11	1	0	125	
7: 768	357	85	100	-9	1	0	97	
8: 769	359	86	100	-8	0	0	65	
9: 770	359	87	100	-5	0	0	25	
10: 771	359	88	100	-4	0	0	16	
Minimal Distance:0.563798
Minimal Index:3
Result:RightHandLeftToRightSwipe

NumberOfFeatureVectors: 9
NumberOfFeatures: 8
0: 806	198	122	100	18	-3	0	353	
1: 807	192	121	100	17	-3	0	328	
2: 808	184	120	100	14	-3	0	221	
3: 809	181	119	100	8	0	0	205	
4: 810	178	119	100	8	0	0	65	
5: 811	176	118	100	6	1	0	64	
6: 812	175	118	100	6	1	0	37	
7: 813	174	118	100	3	1	0	10	
8: 814	173	118	100	3	0	0	9	
Minimal Distance:0.814605
Minimal Index:2
Result:RightHandRightToLeftSwipe

NumberOfFeatureVectors: 23
NumberOfFeatures: 8
0: 881	273	186	100	7	-8	0	208	
1: 882	235	179	100	8	-8	0	233	
2: 883	205	170	100	8	-8	0	338	
3: 884	179	160	100	11	-8	0	410	
4: 885	152	152	100	26	0	0	776	
5: 886	143	141	100	26	7	0	776	
6: 887	119	127	100	26	8	0	776	
7: 888	116	123	100	26	8	0	776	
8: 889	103	116	100	26	8	0	776	
9: 890	98	113	100	24	8	0	772	
10: 891	94	110	100	13	8	0	218	
11: 892	91	108	100	9	7	0	202	
12: 894	78	105	100	9	4	0	178	
13: 894	71	103	100	7	3	0	53	
14: 895	61	104	100	7	3	0	53	
15: 896	56	104	100	5	3	0	34	
16: 897	52	104	100	5	2	0	34	
17: 898	48	103	100	5	2	0	25	
18: 899	45	100	100	4	2	0	25	
19: 900	37	92	100	5	2	0	25	
20: 901	33	87	100	5	2	0	41	
21: 902	30	84	100	4	2	0	25	
22: 903	26	82	100	4	2	0	20	
Minimal Distance:1.24106
Minimal Index:2
Result:RightHandRightToLeftSwipe

