8

RightHandUpToDownSwipe
15 8
349	335	115	0	-5	-21	0	130	
350	340	139	0	-5	-24	0	272	
351	343	169	0	-3	-30	0	466	
352	346	199	0	-3	-30	0	466	
353	347	231	0	-1	-32	0	601	
354	340	267	0	7	-36	0	909	
355	333	287	0	7	-20	0	601	
356	330	295	0	3	-8	0	601	
357	328	300	0	2	-5	0	601	
358	326	304	0	2	-4	0	601	
360	325	309	0	1	-5	0	449	
360	324	308	0	1	1	0	73	
361	324	306	0	0	2	0	29	
362	324	304	0	0	2	0	26	
363	324	303	0	0	1	0	20

RightHandDownToUpSwipe
16 8
397	337	260	0	-2	8	0	36	
398	342	242	0	-5	18	0	37	
399	346	225	0	-4	17	0	40	
400	349	205	0	-3	20	0	68	
401	352	166	0	-3	39	0	148	
402	332	143	0	2	23	0	305	
403	337	127	0	-5	16	0	305	
404	336	110	0	1	17	0	305	
405	331	76	0	5	34	0	349	
406	328	89	0	3	-13	0	349	
407	326	87	0	2	2	0	305	
408	325	77	0	1	10	0	290	
409	324	74	0	1	3	0	281	
410	323	71	0	1	3	0	178	
411	323	70	0	0	1	0	101	
413	323	69	0	0	1	0	10

RightHandRightToLeftSwipe
15 8
114	288	133	56	15	0	0	104	
115	245	150	6	43	0	0	122	
116	225	154	127	20	-4	0	130	
116	225	154	127	20	0	0	130	
116	225	154	127	20	0	0	130	
117	218	146	127	20	4	0	130	
118	218	136	127	20	0	0	130	
119	205	127	127	13	4	0	250	
120	200	123	127	20	4	0	250	
121	196	120	127	4	3	0	250	
122	195	119	127	1	1	0	113	
123	194	119	127	1	0	0	100	
124	192	119	127	2	0	0	41	
125	191	120	127	1	-1	0	25	
126	191	119	127	0	1	0	4	

RightHandLeftToRightSwipe
15 8
153	297	119	58	-24	-9	0	36	
154	322	134	0	-25	0	0	53	
154	322	134	0	-25	0	0	53	
154	322	134	0	-25	0	0	53	
154	322	134	0	-25	0	0	53	
154	322	134	0	-25	0	0	53	
154	322	134	0	-25	0	0	53	
155	338	122	0	-16	1	0	400	
156	350	130	0	-12	-8	0	400	
157	354	131	0	-4	-1	0	400	
158	361	130	0	-7	1	0	400	
159	361	129	0	0	1	0	400	
160	364	129	0	-3	0	0	208	
161	365	129	0	-1	0	0	50	
162	363	128	0	2	1	0	17		

RightHandDiagonalUpperLeft2LowerRight
15 8
809	294	63	0	-13	-11	0	233	
810	317	81	0	-13	-11	0	277	
811	337	98	0	-14	-11	0	290	
812	362	118	0	-17	-13	0	458	
813	368	126	0	-17	-13	0	458	
814	371	131	0	-17	-13	0	458	
815	371	136	0	-17	-13	0	458	
815	371	136	0	-17	-13	0	458	
815	371	136	0	-17	-13	0	458	
816	373	141	0	-17	-13	0	458	
817	374	143	0	-16	-13	0	100	
818	372	144	0	-8	-8	0	34	
819	371	145	0	-5	-8	0	29	
820	371	146	0	-3	-5	0	25	
821	371	147	0	0	-2	0	5	

RightHandDiagonalUpperRight2LowerLeft
15 8
266	231	75	0	12	-11	0	145	
267	225	102	0	12	-11	0	229	
268	207	118	0	15	-11	0	377	
269	197	128	0	15	-11	0	377	
270	193	136	0	15	-11	0	377	
271	190	141	0	15	-11	0	377	
272	187	147	0	15	-11	0	377	
273	183	151	0	15	-10	0	200	
273	183	151	0	15	-10	0	200	
274	183	152	0	14	-11	0	80	
275	188	151	0	14	-11	0	45	
276	189	150	0	8	-8	0	34	
277	190	149	0	7	-5	0	32	
278	191	149	0	3	-3	0	26	
279	191	148	0	0	0	0	2	

RightHandForwardPush
15 8
126	311	120	1165	-1	0	-51	82	
127	312	120	1197	-1	0	-32	196	
128	312	120	1227	0	0	-30	235	
129	313	122	1246	-1	-2	-28	366	
130	314	125	1274	-1	-3	-28	785	
131	315	128	1291	-1	-3	-28	785	
132	316	132	1306	-1	-4	-15	785	
133	317	135	1316	-1	-3	-15	785	
134	317	137	1323	0	-2	-15	366	
135	318	138	1328	-1	-1	-5	299	
136	318	140	1332	0	-2	-4	242	
137	319	141	1335	-1	-1	-3	110	
138	319	141	1337	0	0	-2	53	
139	319	142	1338	0	-1	-1	27	
140	319	142	1340	0	0	-2	20	

RightHandBackPull
16 8
94	310	127	1276	-2	2	31	101	
95	314	121	1214	-4	6	62	969	
96	317	120	1183	-3	1	31	971	
97	319	118	1162	-2	2	21	971	
98	319	118	1145	0	0	17	971	
99	319	118	1120	0	0	25	971	
100	319	118	1103	0	0	17	969	
101	319	118	1091	0	0	17	625	
102	319	118	1083	0	0	17	449	
103	318	119	1074	1	-1	17	289	
104	316	120	1068	2	-1	6	289	
105	315	120	1064	1	0	4	144	
106	314	121	1060	1	-1	4	83	
107	312	122	1057	2	-1	3	64	
108	311	122	1055	1	0	2	41	
109	310	122	1053	1	0	2	18		